Score	Lower bound	Upper bound	Likelihood	TPR	FPR	PPV	FDR	No. positives	No. negatives
0.11603	0.07291	0.14821	2.804	0.511	0.182	0.232	0.768	23	76
0.10391	0.07273	0.13304	2.623	0.333	0.127	0.221	0.779	15	53
0.10301	0.07233	0.13205	2.402	0.311	0.129	0.206	0.794	14	54
0.10212	0.07118	0.13177	2.402	0.311	0.129	0.206	0.794	14	54
0.08408	0.04593	0.13112	2.115	0.467	0.221	0.186	0.814	21	92
0.06431	0.04543	0.08636	2.113	0.289	0.137	0.186	0.814	13	57
0.05481	0.03359	0.08511	1.940	0.400	0.206	0.173	0.827	18	86
0.04527	0.03297	0.06075	1.788	0.244	0.137	0.162	0.838	11	57
0.04314	0.02997	0.05981	1.685	0.267	0.158	0.154	0.846	12	66
0.04060	0.02979	0.05552	1.598	0.222	0.139	0.147	0.853	10	58
0.04022	0.02948	0.05469	1.598	0.222	0.139	0.147	0.853	10	58
0.03545	0.02300	0.05390	1.401	0.289	0.206	0.131	0.869	13	86
0.03055	0.02257	0.04042	1.283	0.200	0.156	0.122	0.878	9	65
0.02986	0.02257	0.03946	1.215	0.178	0.146	0.116	0.884	8	61
0.02961	0.02249	0.03897	1.215	0.178	0.146	0.116	0.884	8	61
0.02937	0.02243	0.03878	1.215	0.178	0.146	0.116	0.884	8	61
0.02874	0.02121	0.03878	1.106	0.178	0.161	0.107	0.893	8	67
0.02752	0.02089	0.03661	1.063	0.156	0.146	0.103	0.897	7	61
0.02700	0.02035	0.03609	1.014	0.156	0.153	0.099	0.901	7	64
0.02652	0.02026	0.03526	0.724	0.111	0.153	0.072	0.928	5	64
0.02652	0.02026	0.03526	0.724	0.111	0.153	0.072	0.928	5	64
0.02630	0.02009	0.03516	0.724	0.111	0.153	0.072	0.928	5	64
0.02586	0.01990	0.03410	0.724	0.111	0.153	0.072	0.928	5	64
0.02347	0.01591	0.03359	0.618	0.133	0.216	0.062	0.938	6	90
0.02070	0.01577	0.02622	0.579	0.089	0.153	0.059	0.941	4	64
0.02054	0.01562	0.02570	0.579	0.089	0.153	0.059	0.941	4	64
0.01985	0.01487	0.02570	0.501	0.089	0.177	0.051	0.949	4	74
0.01909	0.01487	0.02410	0.281	0.044	0.158	0.029	0.971	2	66
0.01883	0.01467	0.02375	0.273	0.044	0.163	0.029	0.971	2	68
0.01836	0.01428	0.02348	0.250	0.044	0.177	0.026	0.974	2	74
0.01723	0.01323	0.02257	0.119	0.022	0.187	0.013	0.987	1	78
0.01549	0.01146	0.02064	0.103	0.022	0.216	0.011	0.989	1	90
0.01416	0.01146	0.01803	0.000	0.000	0.163	0.000	1.000	0	68
0.01395	0.01126	0.01779	0.000	0.000	0.170	0.000	1.000	0	71
0.01395	0.01126	0.01779	0.000	0.000	0.170	0.000	1.000	0	71
0.01384	0.01126	0.01744	0.000	0.000	0.165	0.000	1.000	0	69
0.01378	0.01126	0.01729	0.000	0.000	0.163	0.000	1.000	0	68
0.01363	0.01105	0.01729	0.000	0.000	0.173	0.000	1.000	0	72
0.01353	0.01105	0.01673	0.000	0.000	0.168	0.000	1.000	0	70
0.01348	0.01105	0.01634	0.000	0.000	0.165	0.000	1.000	0	69
0.01348	0.01105	0.01634	0.000	0.000	0.165	0.000	1.000	0	69
0.01345	0.01081	0.01634	0.000	0.000	0.168	0.000	1.000	0	70
0.01312	0.01043	0.01619	0.000	0.000	0.173	0.000	1.000	0	72
0.01312	0.01043	0.01619	0.000	0.000	0.173	0.000	1.000	0	72
0.01303	0.01043	0.01591	0.000	0.000	0.168	0.000	1.000	0	70
0.01292	0.01037	0.01577	0.000	0.000	0.170	0.000	1.000	0	71
0.01288	0.01037	0.01562	0.000	0.000	0.168	0.000	1.000	0	70
0.01284	0.01037	0.01546	0.000	0.000	0.165	0.000	1.000	0	69
0.01284	0.01037	0.01546	0.000	0.000	0.165	0.000	1.000	0	69
0.01269	0.01010	0.01544	0.000	0.000	0.170	0.000	1.000	0	71
0.01269	0.01010	0.01544	0.000	0.000	0.170	0.000	1.000	0	71
0.01261	0.01002	0.01536	0.000	0.000	0.170	0.000	1.000	0	71
0.01249	0.01002	0.01512	0.000	0.000	0.163	0.000	1.000	0	68
0.01238	0.00977	0.01512	0.000	0.000	0.170	0.000	1.000	0	71
0.01234	0.00973	0.01512	0.000	0.000	0.173	0.000	1.000	0	72
0.01222	0.00973	0.01490	0.000	0.000	0.165	0.000	1.000	0	69
0.01211	0.00963	0.01490	0.000	0.000	0.173	0.000	1.000	0	72
0.01197	0.00959	0.01476	0.000	0.000	0.173	0.000	1.000	0	72
0.01197	0.00959	0.01476	0.000	0.000	0.173	0.000	1.000	0	72
0.01193	0.00956	0.01476	0.000	0.000	0.175	0.000	1.000	0	73
0.01189	0.00956	0.01469	0.000	0.000	0.173	0.000	1.000	0	72
0.01189	0.00956	0.01469	0.000	0.000	0.173	0.000	1.000	0	72
0.01177	0.00956	0.01462	0.000	0.000	0.165	0.000	1.000	0	69
0.01170	0.00931	0.01452	0.000	0.000	0.165	0.000	1.000	0	69
0.01150	0.00899	0.01432	0.000	0.000	0.168	0.000	1.000	0	70
0.01150	0.00899	0.01432	0.000	0.000	0.168	0.000	1.000	0	70
0.01150	0.00899	0.01432	0.000	0.000	0.168	0.000	1.000	0	70
0.01123	0.00878	0.01402	0.000	0.000	0.170	0.000	1.000	0	71
0.01120	0.00874	0.01402	0.000	0.000	0.173	0.000	1.000	0	72
0.01116	0.00874	0.01401	0.000	0.000	0.170	0.000	1.000	0	71
0.01107	0.00874	0.01372	0.000	0.000	0.165	0.000	1.000	0	69
0.01100	0.00864	0.01356	0.000	0.000	0.165	0.000	1.000	0	69
0.01097	0.00864	0.01356	0.000	0.000	0.168	0.000	1.000	0	70
0.01097	0.00864	0.01356	0.000	0.000	0.168	0.000	1.000	0	70
0.01082	0.00851	0.01336	0.000	0.000	0.163	0.000	1.000	0	68
0.01075	0.00831	0.01336	0.000	0.000	0.168	0.000	1.000	0	70
0.01071	0.00831	0.01332	0.000	0.000	0.165	0.000	1.000	0	69
0.01063	0.00807	0.01332	0.000	0.000	0.170	0.000	1.000	0	71
0.01052	0.00807	0.01302	0.000	0.000	0.163	0.000	1.000	0	68
0.01037	0.00785	0.01283	0.000	0.000	0.168	0.000	1.000	0	70
0.01037	0.00785	0.01283	0.000	0.000	0.168	0.000	1.000	0	70
0.01037	0.00785	0.01283	0.000	0.000	0.168	0.000	1.000	0	70
0.01008	0.00760	0.01242	0.000	0.000	0.173	0.000	1.000	0	72
0.01005	0.00760	0.01221	0.000	0.000	0.170	0.000	1.000	0	71
0.01001	0.00754	0.01221	0.000	0.000	0.173	0.000	1.000	0	72
0.00998	0.00753	0.01221	0.000	0.000	0.175	0.000	1.000	0	73
0.00995	0.00753	0.01216	0.000	0.000	0.173	0.000	1.000	0	72
0.00985	0.00748	0.01211	0.000	0.000	0.175	0.000	1.000	0	73
0.00982	0.00748	0.01208	0.000	0.000	0.173	0.000	1.000	0	72
0.00982	0.00748	0.01208	0.000	0.000	0.173	0.000	1.000	0	72
0.00975	0.00748	0.01200	0.000	0.000	0.168	0.000	1.000	0	70
0.00962	0.00732	0.01195	0.000	0.000	0.168	0.000	1.000	0	70
0.00959	0.00732	0.01186	0.000	0.000	0.165	0.000	1.000	0	69
0.00948	0.00709	0.01186	0.000	0.000	0.173	0.000	1.000	0	72
0.00948	0.00709	0.01186	0.000	0.000	0.173	0.000	1.000	0	72
0.00942	0.00700	0.01186	0.000	0.000	0.177	0.000	1.000	0	74
0.00921	0.00696	0.01163	0.000	0.000	0.168	0.000	1.000	0	70
0.00921	0.00696	0.01163	0.000	0.000	0.168	0.000	1.000	0	70
0.00918	0.00689	0.01163	0.000	0.000	0.170	0.000	1.000	0	71
0.00908	0.00682	0.01155	0.000	0.000	0.168	0.000	1.000	0	70
0.00897	0.00674	0.01130	0.000	0.000	0.165	0.000	1.000	0	69
0.00891	0.00669	0.01130	0.000	0.000	0.170	0.000	1.000	0	71
0.00881	0.00659	0.01130	0.000	0.000	0.177	0.000	1.000	0	74
0.00881	0.00659	0.01130	0.000	0.000	0.177	0.000	1.000	0	74
0.00867	0.00659	0.01113	0.000	0.000	0.168	0.000	1.000	0	70
0.00867	0.00659	0.01113	0.000	0.000	0.168	0.000	1.000	0	70
0.00867	0.00659	0.01113	0.000	0.000	0.168	0.000	1.000	0	70
0.00861	0.00646	0.01113	0.000	0.000	0.173	0.000	1.000	0	72
0.00847	0.00646	0.01081	0.000	0.000	0.163	0.000	1.000	0	68
0.00837	0.00613	0.01053	0.000	0.000	0.165	0.000	1.000	0	69
0.00830	0.00605	0.01053	0.000	0.000	0.170	0.000	1.000	0	71
0.00830	0.00605	0.01053	0.000	0.000	0.170	0.000	1.000	0	71
0.00824	0.00595	0.01053	0.000	0.000	0.175	0.000	1.000	0	73
0.00824	0.00595	0.01053	0.000	0.000	0.175	0.000	1.000	0	73
0.00811	0.00586	0.01047	0.000	0.000	0.170	0.000	1.000	0	71
0.00808	0.00583	0.01047	0.000	0.000	0.173	0.000	1.000	0	72
0.00794	0.00583	0.01017	0.000	0.000	0.163	0.000	1.000	0	68
0.00791	0.00562	0.01017	0.000	0.000	0.165	0.000	1.000	0	69
0.00784	0.00541	0.01017	0.000	0.000	0.170	0.000	1.000	0	71
0.00777	0.00541	0.01010	0.000	0.000	0.165	0.000	1.000	0	69
0.00756	0.00522	0.00986	0.000	0.000	0.170	0.000	1.000	0	71
0.00756	0.00522	0.00986	0.000	0.000	0.170	0.000	1.000	0	71
0.00756	0.00522	0.00986	0.000	0.000	0.170	0.000	1.000	0	71
0.00753	0.00522	0.00980	0.000	0.000	0.168	0.000	1.000	0	70
0.00743	0.00511	0.00973	0.000	0.000	0.165	0.000	1.000	0	69
0.00726	0.00489	0.00973	0.000	0.000	0.177	0.000	1.000	0	74
0.00726	0.00489	0.00973	0.000	0.000	0.177	0.000	1.000	0	74
0.00723	0.00489	0.00967	0.000	0.000	0.175	0.000	1.000	0	73
0.00720	0.00481	0.00967	0.000	0.000	0.177	0.000	1.000	0	74
0.00713	0.00481	0.00963	0.000	0.000	0.173	0.000	1.000	0	72
0.00692	0.00472	0.00931	0.000	0.000	0.168	0.000	1.000	0	70
0.00685	0.00465	0.00906	0.000	0.000	0.168	0.000	1.000	0	70
0.00685	0.00465	0.00906	0.000	0.000	0.168	0.000	1.000	0	70
0.00679	0.00458	0.00906	0.000	0.000	0.173	0.000	1.000	0	72
0.00663	0.00451	0.00885	0.000	0.000	0.170	0.000	1.000	0	71
0.00663	0.00451	0.00885	0.000	0.000	0.170	0.000	1.000	0	71
0.00663	0.00451	0.00885	0.000	0.000	0.170	0.000	1.000	0	71
0.00660	0.00442	0.00885	0.000	0.000	0.173	0.000	1.000	0	72
0.00657	0.00442	0.00883	0.000	0.000	0.170	0.000	1.000	0	71
0.00644	0.00431	0.00874	0.000	0.000	0.165	0.000	1.000	0	69
0.00624	0.00394	0.00864	0.000	0.000	0.175	0.000	1.000	0	73
0.00614	0.00392	0.00851	0.000	0.000	0.173	0.000	1.000	0	72
0.00611	0.00392	0.00832	0.000	0.000	0.170	0.000	1.000	0	71
0.00611	0.00392	0.00832	0.000	0.000	0.170	0.000	1.000	0	71
0.00604	0.00392	0.00809	0.000	0.000	0.165	0.000	1.000	0	69
0.00604	0.00392	0.00809	0.000	0.000	0.165	0.000	1.000	0	69
0.00588	0.00369	0.00792	0.000	0.000	0.168	0.000	1.000	0	70
0.00588	0.00369	0.00792	0.000	0.000	0.168	0.000	1.000	0	70
0.00585	0.00360	0.00792	0.000	0.000	0.170	0.000	1.000	0	71
0.00573	0.00354	0.00769	0.000	0.000	0.165	0.000	1.000	0	69
0.00573	0.00354	0.00769	0.000	0.000	0.165	0.000	1.000	0	69
0.00569	0.00328	0.00769	0.000	0.000	0.168	0.000	1.000	0	70
0.00562	0.00307	0.00769	0.000	0.000	0.173	0.000	1.000	0	72
0.00562	0.00307	0.00769	0.000	0.000	0.173	0.000	1.000	0	72
0.00553	0.00293	0.00763	0.000	0.000	0.170	0.000	1.000	0	71
0.00542	0.00265	0.00760	0.000	0.000	0.173	0.000	1.000	0	72
0.00536	0.00265	0.00754	0.000	0.000	0.168	0.000	1.000	0	70
0.00531	0.00218	0.00754	0.000	0.000	0.170	0.000	1.000	0	71
