Score	Lower bound	Upper bound	Likelihood	TPR	FPR	PPV	FDR	No. positives	No. negatives
0.46342	0.38345	0.55349	3.582	0.083	0.023	0.166	0.834	123	617
0.46093	0.38230	0.55030	3.536	0.083	0.023	0.164	0.836	122	620
0.45786	0.38075	0.54651	3.484	0.081	0.023	0.162	0.838	120	619
0.45602	0.38018	0.54233	3.413	0.079	0.023	0.160	0.840	117	616
0.45567	0.38018	0.53996	3.395	0.079	0.023	0.159	0.841	116	614
0.45503	0.37815	0.53991	3.338	0.078	0.023	0.157	0.843	115	619
0.45468	0.37815	0.53904	3.320	0.077	0.023	0.156	0.844	114	617
0.45433	0.37815	0.53808	3.302	0.077	0.023	0.155	0.845	113	615
0.45411	0.37764	0.53592	3.302	0.077	0.023	0.155	0.845	113	615
0.36409	0.26438	0.53486	3.159	0.220	0.070	0.149	0.851	325	1849
0.29317	0.26416	0.32027	3.148	0.075	0.024	0.149	0.851	110	628
0.29317	0.26416	0.32027	3.148	0.075	0.024	0.149	0.851	110	628
0.29317	0.26416	0.32027	3.148	0.075	0.024	0.149	0.851	110	628
0.29317	0.26416	0.32027	3.148	0.075	0.024	0.149	0.851	110	628
0.29317	0.26416	0.32027	3.148	0.075	0.024	0.149	0.851	110	628
0.29317	0.26416	0.32027	3.148	0.075	0.024	0.149	0.851	110	628
0.29257	0.26388	0.32002	3.134	0.074	0.024	0.149	0.851	109	625
0.29257	0.26388	0.32002	3.134	0.074	0.024	0.149	0.851	109	625
0.29257	0.26388	0.32002	3.134	0.074	0.024	0.149	0.851	109	625
0.29257	0.26388	0.32002	3.134	0.074	0.024	0.149	0.851	109	625
0.29234	0.26388	0.31968	3.096	0.073	0.023	0.147	0.853	107	621
0.29222	0.26300	0.31968	3.081	0.073	0.024	0.146	0.854	107	624
0.29202	0.26243	0.31928	3.076	0.073	0.024	0.146	0.854	107	625
0.29202	0.26243	0.31928	3.076	0.073	0.024	0.146	0.854	107	625
0.29187	0.26243	0.31873	3.062	0.072	0.023	0.146	0.854	106	622
0.28042	0.24125	0.31873	2.842	0.094	0.033	0.137	0.863	139	879
0.26928	0.24125	0.29970	2.839	0.068	0.024	0.136	0.864	100	633
0.26928	0.24125	0.29970	2.839	0.068	0.024	0.136	0.864	100	633
0.26874	0.24094	0.29926	2.803	0.068	0.024	0.135	0.865	100	641
0.26849	0.24094	0.29871	2.797	0.067	0.024	0.135	0.865	99	636
0.26849	0.24094	0.29871	2.797	0.067	0.024	0.135	0.865	99	636
0.26849	0.24094	0.29871	2.797	0.067	0.024	0.135	0.865	99	636
0.26849	0.24094	0.29871	2.797	0.067	0.024	0.135	0.865	99	636
0.26849	0.24094	0.29871	2.797	0.067	0.024	0.135	0.865	99	636
0.26849	0.24094	0.29871	2.797	0.067	0.024	0.135	0.865	99	636
0.26849	0.24094	0.29871	2.797	0.067	0.024	0.135	0.865	99	636
0.26706	0.23818	0.29846	2.771	0.069	0.025	0.134	0.866	101	655
0.26525	0.23788	0.29563	2.666	0.065	0.024	0.129	0.871	96	647
0.26517	0.23788	0.29511	2.643	0.064	0.024	0.128	0.872	95	646
0.26517	0.23788	0.29511	2.643	0.064	0.024	0.128	0.872	95	646
0.26505	0.23788	0.29468	2.623	0.064	0.024	0.127	0.873	94	644
0.26505	0.23788	0.29468	2.623	0.064	0.024	0.127	0.873	94	644
0.26478	0.23723	0.29443	2.619	0.064	0.024	0.127	0.873	94	645
0.26407	0.23653	0.29387	2.595	0.063	0.024	0.126	0.874	93	644
0.26347	0.23574	0.29387	2.594	0.064	0.025	0.126	0.874	95	658
0.26244	0.23534	0.29086	2.555	0.062	0.024	0.124	0.876	92	647
0.26244	0.23534	0.29086	2.555	0.062	0.024	0.124	0.876	92	647
0.26213	0.23534	0.29072	2.555	0.062	0.024	0.124	0.876	91	640
0.26213	0.23534	0.29072	2.555	0.062	0.024	0.124	0.876	91	640
0.26213	0.23534	0.29072	2.555	0.062	0.024	0.124	0.876	91	640
0.26201	0.23534	0.29061	2.535	0.061	0.024	0.124	0.876	90	638
0.26186	0.23488	0.29061	2.519	0.061	0.024	0.123	0.877	90	642
0.26183	0.23483	0.29061	2.515	0.061	0.024	0.123	0.877	90	643
0.26128	0.23462	0.29061	2.489	0.062	0.025	0.122	0.878	91	657
0.26089	0.23462	0.28887	2.464	0.060	0.025	0.121	0.879	89	649
0.26089	0.23462	0.28887	2.464	0.060	0.025	0.121	0.879	89	649
0.26089	0.23462	0.28887	2.464	0.060	0.025	0.121	0.879	89	649
0.26078	0.23438	0.28887	2.453	0.060	0.025	0.120	0.880	89	652
0.25899	0.23222	0.28758	2.435	0.062	0.026	0.119	0.881	92	679
0.23892	0.19607	0.28488	2.396	0.098	0.041	0.118	0.882	144	1080
0.22065	0.19607	0.24585	2.339	0.058	0.025	0.115	0.885	85	653
0.22065	0.19607	0.24585	2.339	0.058	0.025	0.115	0.885	85	653
0.22065	0.19607	0.24585	2.339	0.058	0.025	0.115	0.885	85	653
0.22065	0.19607	0.24585	2.339	0.058	0.025	0.115	0.885	85	653
0.21660	0.18962	0.24585	2.173	0.063	0.029	0.108	0.892	93	769
0.21218	0.18962	0.23826	2.161	0.054	0.025	0.107	0.893	79	657
0.21201	0.18962	0.23788	2.116	0.052	0.025	0.105	0.895	77	654
0.14620	0.09618	0.23788	2.084	0.314	0.151	0.104	0.896	463	3993
0.10303	0.09618	0.10950	1.682	0.043	0.025	0.086	0.914	63	673
0.10297	0.09618	0.10936	1.638	0.041	0.025	0.084	0.916	61	669
0.10279	0.09576	0.10914	1.634	0.042	0.026	0.083	0.917	62	682
0.10265	0.09568	0.10895	1.617	0.041	0.026	0.083	0.917	61	678
0.10265	0.09568	0.10895	1.617	0.041	0.026	0.083	0.917	61	678
0.10264	0.09567	0.10895	1.612	0.041	0.026	0.082	0.918	61	680
0.10264	0.09567	0.10895	1.612	0.041	0.026	0.082	0.918	61	680
0.10257	0.09565	0.10888	1.600	0.041	0.026	0.082	0.918	61	685
0.10257	0.09565	0.10888	1.600	0.041	0.026	0.082	0.918	61	685
0.10257	0.09565	0.10888	1.600	0.041	0.026	0.082	0.918	61	685
0.10256	0.09560	0.10888	1.598	0.041	0.026	0.082	0.918	61	686
0.10256	0.09560	0.10888	1.598	0.041	0.026	0.082	0.918	61	686
0.10251	0.09557	0.10888	1.586	0.041	0.026	0.081	0.919	61	691
0.10251	0.09557	0.10888	1.586	0.041	0.026	0.081	0.919	61	691
0.10251	0.09557	0.10888	1.586	0.041	0.026	0.081	0.919	61	691
0.10212	0.09472	0.10888	1.522	0.042	0.028	0.078	0.922	62	732
0.10148	0.09452	0.10826	1.522	0.039	0.026	0.078	0.922	58	685
0.10142	0.09452	0.10801	1.480	0.038	0.026	0.076	0.924	56	680
0.10137	0.09449	0.10801	1.469	0.038	0.026	0.076	0.924	56	685
0.10137	0.09449	0.10801	1.469	0.038	0.026	0.076	0.924	56	685
0.10137	0.09449	0.10801	1.469	0.038	0.026	0.076	0.924	56	685
0.10137	0.09449	0.10801	1.469	0.038	0.026	0.076	0.924	56	685
0.10137	0.09449	0.10801	1.469	0.038	0.026	0.076	0.924	56	685
0.10133	0.09446	0.10801	1.458	0.038	0.026	0.075	0.925	56	690
0.10133	0.09446	0.10801	1.458	0.038	0.026	0.075	0.925	56	690
0.10133	0.09446	0.10801	1.458	0.038	0.026	0.075	0.925	56	690
0.10127	0.09440	0.10801	1.446	0.038	0.026	0.074	0.926	56	696
0.10122	0.09440	0.10796	1.430	0.037	0.026	0.074	0.926	55	691
0.10122	0.09440	0.10796	1.430	0.037	0.026	0.074	0.926	55	691
0.10122	0.09440	0.10796	1.430	0.037	0.026	0.074	0.926	55	691
0.10122	0.09440	0.10796	1.430	0.037	0.026	0.074	0.926	55	691
0.10122	0.09440	0.10796	1.430	0.037	0.026	0.074	0.926	55	691
0.10118	0.09440	0.10786	1.410	0.037	0.026	0.073	0.927	54	688
0.10118	0.09440	0.10786	1.410	0.037	0.026	0.073	0.927	54	688
0.08626	0.06765	0.10786	1.386	0.122	0.088	0.072	0.928	180	2333
0.07267	0.06764	0.07747	1.344	0.035	0.026	0.070	0.930	51	682
0.07267	0.06764	0.07747	1.344	0.035	0.026	0.070	0.930	51	682
0.07263	0.06754	0.07747	1.334	0.035	0.026	0.069	0.931	51	687
0.07263	0.06754	0.07747	1.334	0.035	0.026	0.069	0.931	51	687
0.07122	0.06496	0.07747	1.327	0.044	0.033	0.069	0.931	65	880
0.06980	0.06495	0.07483	1.210	0.032	0.026	0.063	0.937	47	698
0.06980	0.06495	0.07483	1.210	0.032	0.026	0.063	0.937	47	698
0.06980	0.06495	0.07483	1.210	0.032	0.026	0.063	0.937	47	698
0.06980	0.06495	0.07483	1.210	0.032	0.026	0.063	0.937	47	698
0.06980	0.06495	0.07483	1.210	0.032	0.026	0.063	0.937	47	698
0.06977	0.06492	0.07483	1.201	0.032	0.027	0.063	0.937	47	703
0.06925	0.06415	0.07483	1.125	0.033	0.030	0.059	0.941	49	783
0.06867	0.06412	0.07360	1.112	0.030	0.027	0.058	0.942	44	711
0.06867	0.06412	0.07360	1.112	0.030	0.027	0.058	0.942	44	711
0.06859	0.06411	0.07353	1.087	0.029	0.027	0.057	0.943	43	711
0.06859	0.06411	0.07353	1.087	0.029	0.027	0.057	0.943	43	711
0.06859	0.06411	0.07353	1.087	0.029	0.027	0.057	0.943	43	711
0.06859	0.06411	0.07353	1.087	0.029	0.027	0.057	0.943	43	711
0.06859	0.06411	0.07353	1.087	0.029	0.027	0.057	0.943	43	711
0.06859	0.06411	0.07353	1.087	0.029	0.027	0.057	0.943	43	711
0.06852	0.06407	0.07349	1.075	0.029	0.027	0.056	0.944	43	719
0.06852	0.06407	0.07349	1.075	0.029	0.027	0.056	0.944	43	719
0.06843	0.06403	0.07343	1.072	0.029	0.027	0.056	0.944	43	721
0.06841	0.06403	0.07329	1.051	0.028	0.027	0.055	0.945	42	718
0.06841	0.06403	0.07329	1.051	0.028	0.027	0.055	0.945	42	718
0.06841	0.06403	0.07329	1.051	0.028	0.027	0.055	0.945	42	718
0.06841	0.06403	0.07329	1.051	0.028	0.027	0.055	0.945	42	718
0.06841	0.06403	0.07329	1.051	0.028	0.027	0.055	0.945	42	718
0.06838	0.06403	0.07321	1.032	0.028	0.027	0.054	0.946	41	714
0.06838	0.06403	0.07321	1.032	0.028	0.027	0.054	0.946	41	714
0.06838	0.06403	0.07321	1.032	0.028	0.027	0.054	0.946	41	714
0.06835	0.06399	0.07321	1.025	0.028	0.027	0.054	0.946	41	719
0.06835	0.06399	0.07321	1.025	0.028	0.027	0.054	0.946	41	719
0.06835	0.06399	0.07321	1.025	0.028	0.027	0.054	0.946	41	719
0.06835	0.06399	0.07321	1.025	0.028	0.027	0.054	0.946	41	719
0.03985	0.02124	0.07321	0.988	0.279	0.282	0.052	0.948	411	7478
0.02287	0.02124	0.02387	0.984	0.035	0.036	0.052	0.948	52	950
0.02286	0.02124	0.02387	0.978	0.035	0.036	0.052	0.948	52	955
0.02189	0.01960	0.02387	0.945	0.054	0.057	0.050	0.950	80	1521
0.01969	0.01701	0.02218	0.786	0.046	0.059	0.042	0.958	68	1555
0.01850	0.01701	0.01979	0.765	0.023	0.030	0.041	0.959	34	799
0.01850	0.01701	0.01979	0.765	0.023	0.030	0.041	0.959	34	799
0.01850	0.01701	0.01979	0.765	0.023	0.030	0.041	0.959	34	799
0.01850	0.01701	0.01979	0.765	0.023	0.030	0.041	0.959	34	799
0.01850	0.01701	0.01979	0.765	0.023	0.030	0.041	0.959	34	799
0.01850	0.01701	0.01979	0.765	0.023	0.030	0.041	0.959	34	799
0.01850	0.01701	0.01979	0.765	0.023	0.030	0.041	0.959	34	799
0.01850	0.01701	0.01979	0.765	0.023	0.030	0.041	0.959	34	799
0.01850	0.01701	0.01979	0.765	0.023	0.030	0.041	0.959	34	799
0.01850	0.01701	0.01979	0.765	0.023	0.030	0.041	0.959	34	799
0.01850	0.01701	0.01979	0.765	0.023	0.030	0.041	0.959	34	799
0.01850	0.01701	0.01979	0.765	0.023	0.030	0.041	0.959	34	799
0.01850	0.01701	0.01979	0.765	0.023	0.030	0.041	0.959	34	799
0.01850	0.01701	0.01979	0.765	0.023	0.030	0.041	0.959	34	799
0.01850	0.01699	0.01979	0.762	0.023	0.030	0.041	0.959	34	802
0.01850	0.01699	0.01979	0.762	0.023	0.030	0.041	0.959	34	802
0.01850	0.01699	0.01979	0.762	0.023	0.030	0.041	0.959	34	802
0.01850	0.01699	0.01979	0.762	0.023	0.030	0.041	0.959	34	802
0.01850	0.01699	0.01979	0.762	0.023	0.030	0.041	0.959	34	802
0.01850	0.01699	0.01979	0.762	0.023	0.030	0.041	0.959	34	802
0.01850	0.01699	0.01979	0.762	0.023	0.030	0.041	0.959	34	802
0.01850	0.01699	0.01979	0.762	0.023	0.030	0.041	0.959	34	802
0.01850	0.01699	0.01979	0.762	0.023	0.030	0.041	0.959	34	802
0.01846	0.01693	0.01979	0.744	0.023	0.031	0.040	0.960	34	821
0.01845	0.01691	0.01973	0.728	0.022	0.031	0.039	0.961	33	815
0.01845	0.01689	0.01973	0.727	0.022	0.031	0.039	0.961	33	816
0.01844	0.01689	0.01972	0.684	0.021	0.031	0.037	0.963	31	815
0.01841	0.01689	0.01970	0.634	0.019	0.030	0.034	0.966	28	793
0.01841	0.01689	0.01970	0.634	0.019	0.030	0.034	0.966	28	793
0.01841	0.01689	0.01970	0.634	0.019	0.030	0.034	0.966	28	793
0.01841	0.01689	0.01970	0.634	0.019	0.030	0.034	0.966	28	793
0.01839	0.01686	0.01970	0.629	0.019	0.030	0.034	0.966	28	800
0.01658	0.01382	0.01969	0.488	0.035	0.071	0.026	0.974	51	1879
0.01514	0.01382	0.01605	0.435	0.014	0.033	0.024	0.976	21	868
0.01513	0.01380	0.01605	0.432	0.014	0.033	0.023	0.977	21	874
0.01513	0.01380	0.01605	0.432	0.014	0.033	0.023	0.977	21	874
0.01513	0.01380	0.01605	0.432	0.014	0.033	0.023	0.977	21	874
0.01512	0.01379	0.01605	0.428	0.014	0.033	0.023	0.977	21	882
0.01511	0.01378	0.01605	0.427	0.014	0.033	0.023	0.977	21	884
0.01511	0.01378	0.01605	0.427	0.014	0.033	0.023	0.977	21	884
0.01511	0.01378	0.01605	0.427	0.014	0.033	0.023	0.977	21	884
0.01511	0.01378	0.01605	0.427	0.014	0.033	0.023	0.977	21	884
0.01511	0.01378	0.01605	0.427	0.014	0.033	0.023	0.977	21	884
0.01511	0.01378	0.01605	0.427	0.014	0.033	0.023	0.977	21	884
0.01511	0.01378	0.01605	0.427	0.014	0.033	0.023	0.977	21	884
0.01511	0.01378	0.01605	0.427	0.014	0.033	0.023	0.977	21	884
0.01511	0.01378	0.01605	0.427	0.014	0.033	0.023	0.977	21	884
0.01510	0.01375	0.01605	0.421	0.014	0.034	0.023	0.977	21	896
0.01509	0.01373	0.01605	0.421	0.014	0.034	0.023	0.977	21	897
0.01509	0.01372	0.01604	0.420	0.014	0.034	0.023	0.977	21	898
0.01508	0.01371	0.01604	0.418	0.014	0.034	0.023	0.977	21	902
0.01508	0.01370	0.01604	0.417	0.014	0.034	0.023	0.977	21	905
0.01508	0.01370	0.01604	0.417	0.014	0.034	0.023	0.977	21	905
0.01508	0.01370	0.01604	0.417	0.014	0.034	0.023	0.977	21	905
0.01508	0.01370	0.01604	0.417	0.014	0.034	0.023	0.977	21	905
0.01508	0.01370	0.01604	0.417	0.014	0.034	0.023	0.977	21	905
0.01508	0.01370	0.01604	0.417	0.014	0.034	0.023	0.977	21	905
0.01508	0.01370	0.01604	0.417	0.014	0.034	0.023	0.977	21	906
0.01508	0.01370	0.01604	0.417	0.014	0.034	0.023	0.977	21	906
0.01508	0.01370	0.01604	0.417	0.014	0.034	0.023	0.977	21	906
0.01508	0.01370	0.01604	0.417	0.014	0.034	0.023	0.977	21	906
0.01508	0.01370	0.01604	0.417	0.014	0.034	0.023	0.977	21	906
0.01508	0.01370	0.01604	0.417	0.014	0.034	0.023	0.977	21	906
0.01508	0.01370	0.01604	0.417	0.014	0.034	0.023	0.977	21	906
0.01508	0.01370	0.01604	0.417	0.014	0.034	0.023	0.977	21	906
0.01508	0.01370	0.01604	0.417	0.014	0.034	0.023	0.977	21	906
0.01507	0.01367	0.01604	0.414	0.014	0.034	0.023	0.977	21	911
0.01506	0.01367	0.01604	0.412	0.014	0.035	0.022	0.978	21	917
0.01506	0.01367	0.01604	0.411	0.014	0.035	0.022	0.978	21	918
0.01506	0.01367	0.01604	0.411	0.014	0.035	0.022	0.978	21	918
0.01506	0.01367	0.01604	0.411	0.014	0.035	0.022	0.978	21	918
0.01506	0.01367	0.01604	0.411	0.014	0.035	0.022	0.978	21	918
0.01506	0.01367	0.01604	0.411	0.014	0.035	0.022	0.978	21	918
0.01506	0.01367	0.01604	0.411	0.014	0.035	0.022	0.978	21	918
0.01506	0.01367	0.01604	0.411	0.014	0.035	0.022	0.978	21	918
0.01506	0.01366	0.01604	0.411	0.014	0.035	0.022	0.978	21	919
0.01506	0.01366	0.01604	0.411	0.014	0.035	0.022	0.978	21	919
0.01506	0.01366	0.01604	0.411	0.014	0.035	0.022	0.978	21	919
0.01505	0.01364	0.01604	0.408	0.014	0.035	0.022	0.978	21	926
0.01505	0.01364	0.01604	0.408	0.014	0.035	0.022	0.978	21	926
0.01505	0.01364	0.01604	0.408	0.014	0.035	0.022	0.978	21	926
0.01505	0.01364	0.01604	0.408	0.014	0.035	0.022	0.978	21	926
0.01505	0.01364	0.01604	0.408	0.014	0.035	0.022	0.978	21	926
0.01504	0.01361	0.01604	0.406	0.014	0.035	0.022	0.978	21	929
0.01504	0.01361	0.01604	0.406	0.014	0.035	0.022	0.978	21	930
0.01504	0.01361	0.01604	0.406	0.014	0.035	0.022	0.978	21	930
0.01504	0.01361	0.01604	0.406	0.014	0.035	0.022	0.978	21	930
0.01504	0.01361	0.01604	0.406	0.014	0.035	0.022	0.978	21	930
0.01504	0.01361	0.01604	0.406	0.014	0.035	0.022	0.978	21	930
0.01504	0.01360	0.01604	0.405	0.014	0.035	0.022	0.978	21	931
0.01504	0.01360	0.01604	0.405	0.014	0.035	0.022	0.978	21	932
0.01504	0.01360	0.01604	0.405	0.014	0.035	0.022	0.978	21	932
0.01504	0.01360	0.01604	0.405	0.014	0.035	0.022	0.978	21	932
0.01504	0.01360	0.01604	0.405	0.014	0.035	0.022	0.978	21	932
0.01504	0.01360	0.01604	0.405	0.014	0.035	0.022	0.978	21	932
0.01503	0.01357	0.01604	0.404	0.014	0.035	0.022	0.978	21	935
0.01503	0.01357	0.01604	0.404	0.014	0.035	0.022	0.978	21	935
0.01503	0.01357	0.01604	0.404	0.014	0.035	0.022	0.978	21	935
0.01503	0.01357	0.01604	0.404	0.014	0.035	0.022	0.978	21	935
0.01503	0.01357	0.01604	0.404	0.014	0.035	0.022	0.978	21	935
0.01503	0.01357	0.01604	0.404	0.014	0.035	0.022	0.978	21	935
0.01503	0.01357	0.01604	0.404	0.014	0.035	0.022	0.978	21	935
0.01503	0.01356	0.01604	0.402	0.014	0.035	0.022	0.978	21	938
0.01501	0.01355	0.01604	0.398	0.014	0.036	0.022	0.978	21	947
0.01501	0.01355	0.01604	0.398	0.014	0.036	0.022	0.978	21	947
0.01501	0.01355	0.01604	0.398	0.014	0.036	0.022	0.978	21	947
0.01501	0.01355	0.01604	0.398	0.014	0.036	0.022	0.978	21	947
0.01501	0.01354	0.01604	0.397	0.014	0.036	0.022	0.978	21	951
0.01501	0.01354	0.01604	0.397	0.014	0.036	0.022	0.978	21	951
0.01501	0.01354	0.01604	0.397	0.014	0.036	0.022	0.978	21	951
0.01501	0.01353	0.01604	0.396	0.014	0.036	0.022	0.978	21	952
0.01501	0.01353	0.01604	0.396	0.014	0.036	0.022	0.978	21	952
0.01501	0.01353	0.01604	0.396	0.014	0.036	0.022	0.978	21	952
0.01501	0.01353	0.01604	0.396	0.014	0.036	0.022	0.978	21	952
0.01501	0.01350	0.01604	0.396	0.014	0.036	0.022	0.978	21	953
0.01501	0.01350	0.01604	0.396	0.014	0.036	0.022	0.978	21	953
0.01500	0.01348	0.01604	0.395	0.014	0.036	0.021	0.979	21	956
0.01500	0.01348	0.01604	0.395	0.014	0.036	0.021	0.979	21	956
0.01500	0.01348	0.01604	0.395	0.014	0.036	0.021	0.979	21	956
0.01500	0.01347	0.01603	0.395	0.014	0.036	0.021	0.979	21	956
0.01500	0.01347	0.01603	0.395	0.014	0.036	0.021	0.979	21	956
0.01493	0.01333	0.01603	0.378	0.014	0.038	0.021	0.979	21	998
0.01484	0.01333	0.01596	0.372	0.013	0.035	0.020	0.980	19	919
0.01480	0.01333	0.01595	0.341	0.012	0.034	0.019	0.981	17	896
0.01336	0.01102	0.01594	0.254	0.017	0.067	0.014	0.986	25	1771
0.01207	0.01101	0.01299	0.190	0.006	0.032	0.010	0.990	9	853
0.01207	0.01101	0.01299	0.190	0.006	0.032	0.010	0.990	9	853
0.01207	0.01101	0.01299	0.189	0.006	0.032	0.010	0.990	9	854
0.01206	0.01101	0.01299	0.189	0.006	0.032	0.010	0.990	9	857
0.01205	0.01100	0.01299	0.187	0.006	0.033	0.010	0.990	9	864
0.01205	0.01100	0.01299	0.187	0.006	0.033	0.010	0.990	9	865
0.01205	0.01100	0.01299	0.187	0.006	0.033	0.010	0.990	9	865
0.01205	0.01100	0.01299	0.187	0.006	0.033	0.010	0.990	9	865
0.01205	0.01100	0.01299	0.187	0.006	0.033	0.010	0.990	9	865
0.01205	0.01100	0.01299	0.187	0.006	0.033	0.010	0.990	9	865
0.01205	0.01100	0.01299	0.187	0.006	0.033	0.010	0.990	9	865
0.01205	0.01100	0.01299	0.187	0.006	0.033	0.010	0.990	9	865
0.01202	0.01098	0.01299	0.182	0.006	0.034	0.010	0.990	9	890
0.01202	0.01098	0.01297	0.182	0.006	0.034	0.010	0.990	9	890
0.01202	0.01098	0.01297	0.182	0.006	0.034	0.010	0.990	9	890
0.01202	0.01098	0.01297	0.182	0.006	0.034	0.010	0.990	9	890
0.01201	0.01098	0.01297	0.181	0.006	0.034	0.010	0.990	9	894
0.01199	0.01097	0.01297	0.176	0.006	0.035	0.010	0.990	9	919
0.01198	0.01097	0.01296	0.176	0.006	0.035	0.010	0.990	9	921
0.01198	0.01097	0.01296	0.175	0.006	0.035	0.010	0.990	9	922
0.01197	0.01096	0.01296	0.174	0.006	0.035	0.010	0.990	9	928
0.01195	0.01096	0.01296	0.170	0.006	0.036	0.009	0.991	9	951
0.01195	0.01096	0.01296	0.170	0.006	0.036	0.009	0.991	9	951
0.01195	0.01096	0.01296	0.170	0.006	0.036	0.009	0.991	9	951
0.01195	0.01096	0.01296	0.170	0.006	0.036	0.009	0.991	9	951
0.01195	0.01096	0.01296	0.170	0.006	0.036	0.009	0.991	9	951
0.01195	0.01096	0.01296	0.170	0.006	0.036	0.009	0.991	9	951
0.01195	0.01096	0.01296	0.170	0.006	0.036	0.009	0.991	9	951
0.01195	0.01096	0.01296	0.170	0.006	0.036	0.009	0.991	9	951
0.01195	0.01096	0.01296	0.170	0.006	0.036	0.009	0.991	9	951
0.01195	0.01096	0.01296	0.170	0.006	0.036	0.009	0.991	9	951
0.01195	0.01096	0.01296	0.170	0.006	0.036	0.009	0.991	9	951
0.01195	0.01096	0.01296	0.170	0.006	0.036	0.009	0.991	9	951
0.01194	0.01095	0.01296	0.169	0.006	0.036	0.009	0.991	9	956
0.01194	0.01094	0.01296	0.169	0.006	0.036	0.009	0.991	9	957
0.01194	0.01094	0.01296	0.169	0.006	0.036	0.009	0.991	9	957
0.01194	0.01094	0.01296	0.169	0.006	0.036	0.009	0.991	9	957
0.01194	0.01094	0.01296	0.169	0.006	0.036	0.009	0.991	9	957
0.01194	0.01094	0.01296	0.169	0.006	0.036	0.009	0.991	9	957
0.01194	0.01094	0.01296	0.169	0.006	0.036	0.009	0.991	9	957
0.01194	0.01094	0.01296	0.169	0.006	0.036	0.009	0.991	9	957
0.01194	0.01094	0.01296	0.169	0.006	0.036	0.009	0.991	9	957
0.01194	0.01094	0.01296	0.169	0.006	0.036	0.009	0.991	9	957
0.01194	0.01094	0.01296	0.169	0.006	0.036	0.009	0.991	9	957
0.01194	0.01094	0.01296	0.169	0.006	0.036	0.009	0.991	9	957
0.01194	0.01094	0.01296	0.169	0.006	0.036	0.009	0.991	9	957
0.01194	0.01094	0.01296	0.169	0.006	0.036	0.009	0.991	9	957
0.01194	0.01094	0.01296	0.169	0.006	0.036	0.009	0.991	9	957
0.01194	0.01094	0.01296	0.169	0.006	0.036	0.009	0.991	9	957
0.01194	0.01092	0.01296	0.169	0.006	0.036	0.009	0.991	9	958
0.01194	0.01092	0.01296	0.168	0.006	0.036	0.009	0.991	9	960
0.01194	0.01092	0.01296	0.168	0.006	0.036	0.009	0.991	9	960
0.01194	0.01092	0.01296	0.168	0.006	0.036	0.009	0.991	9	960
0.01194	0.01092	0.01296	0.168	0.006	0.036	0.009	0.991	9	960
0.01194	0.01091	0.01296	0.168	0.006	0.036	0.009	0.991	9	961
0.01194	0.01091	0.01296	0.168	0.006	0.036	0.009	0.991	9	961
0.01194	0.01091	0.01296	0.168	0.006	0.036	0.009	0.991	9	961
0.01194	0.01091	0.01296	0.168	0.006	0.036	0.009	0.991	9	961
0.01194	0.01091	0.01296	0.168	0.006	0.036	0.009	0.991	9	962
0.01193	0.01091	0.01296	0.167	0.006	0.037	0.009	0.991	9	967
0.01192	0.01091	0.01296	0.166	0.006	0.037	0.009	0.991	9	973
0.01192	0.01091	0.01296	0.166	0.006	0.037	0.009	0.991	9	973
0.01192	0.01091	0.01296	0.166	0.006	0.037	0.009	0.991	9	973
0.01192	0.01091	0.01296	0.166	0.006	0.037	0.009	0.991	9	973
0.00997	0.00682	0.01296	0.166	0.017	0.102	0.009	0.991	25	2712
0.00777	0.00682	0.00868	0.159	0.005	0.030	0.009	0.991	7	789
0.00777	0.00682	0.00868	0.159	0.005	0.030	0.009	0.991	7	789
0.00777	0.00682	0.00868	0.159	0.005	0.030	0.009	0.991	7	789
0.00777	0.00679	0.00868	0.159	0.005	0.030	0.009	0.991	7	791
0.00777	0.00679	0.00868	0.159	0.005	0.030	0.009	0.991	7	791
0.00777	0.00679	0.00868	0.159	0.005	0.030	0.009	0.991	7	791
0.00777	0.00679	0.00868	0.159	0.005	0.030	0.009	0.991	7	792
0.00776	0.00678	0.00867	0.158	0.005	0.030	0.009	0.991	7	797
0.00776	0.00678	0.00867	0.158	0.005	0.030	0.009	0.991	7	797
0.00776	0.00678	0.00867	0.158	0.005	0.030	0.009	0.991	7	797
0.00774	0.00676	0.00866	0.156	0.005	0.030	0.009	0.991	7	805
0.00774	0.00676	0.00866	0.156	0.005	0.030	0.009	0.991	7	805
0.00773	0.00673	0.00866	0.155	0.005	0.031	0.009	0.991	7	812
0.00768	0.00669	0.00861	0.153	0.005	0.031	0.008	0.992	7	823
0.00765	0.00669	0.00852	0.135	0.004	0.030	0.007	0.993	6	796
0.00765	0.00669	0.00852	0.135	0.004	0.030	0.007	0.993	6	796
0.00765	0.00669	0.00852	0.135	0.004	0.030	0.007	0.993	6	796
0.00765	0.00668	0.00852	0.135	0.004	0.030	0.007	0.993	6	798
0.00765	0.00667	0.00852	0.135	0.004	0.030	0.007	0.993	6	800
0.00764	0.00667	0.00851	0.135	0.004	0.030	0.007	0.993	6	800
0.00763	0.00666	0.00851	0.135	0.004	0.030	0.007	0.993	6	800
0.00763	0.00665	0.00850	0.135	0.004	0.030	0.007	0.993	6	801
0.00745	0.00633	0.00848	0.114	0.004	0.036	0.006	0.994	6	943
0.00736	0.00633	0.00829	0.105	0.003	0.032	0.006	0.994	5	857
0.00389	0.00117	0.00829	0.055	0.012	0.208	0.003	0.997	17	5511
0.00098	0.00000	0.00184	0.008	0.001	0.084	0.000	1.000	1	2213
