Score	Lower bound	Upper bound	Likelihood	TPR	FPR	PPV	FDR	No. positives	No. negatives
0.53014	0.46115	0.62943	4.107	0.929	0.226	0.200	0.800	13	52
0.52513	0.45901	0.62943	4.107	1.000	0.243	0.200	0.800	14	56
0.52419	0.45791	0.62943	4.035	1.000	0.248	0.197	0.803	14	57
0.52326	0.45769	0.62943	3.966	1.000	0.252	0.194	0.806	14	58
0.52144	0.45579	0.62943	3.833	1.000	0.261	0.189	0.811	14	60
0.52144	0.45579	0.62943	3.833	1.000	0.261	0.189	0.811	14	60
0.51642	0.45458	0.62943	3.485	1.000	0.287	0.175	0.825	14	66
0.51642	0.45458	0.62943	3.485	1.000	0.287	0.175	0.825	14	66
0.51642	0.45458	0.62943	3.485	1.000	0.287	0.175	0.825	14	66
0.48858	0.44466	0.55390	0.438	0.143	0.326	0.026	0.974	2	75
0.47609	0.44140	0.53649	0.427	0.143	0.335	0.025	0.975	2	77
0.46310	0.43886	0.50055	0.216	0.071	0.330	0.013	0.987	1	76
0.45225	0.42622	0.49904	0.185	0.071	0.387	0.011	0.989	1	89
0.44239	0.42622	0.45901	0.000	0.000	0.283	0.000	1.000	0	65
0.44188	0.42579	0.45791	0.000	0.000	0.283	0.000	1.000	0	65
0.44138	0.42526	0.45769	0.000	0.000	0.283	0.000	1.000	0	65
0.44063	0.42494	0.45579	0.000	0.000	0.287	0.000	1.000	0	66
0.44063	0.42494	0.45579	0.000	0.000	0.287	0.000	1.000	0	66
0.43938	0.42269	0.45458	0.000	0.000	0.291	0.000	1.000	0	67
0.43938	0.42269	0.45458	0.000	0.000	0.291	0.000	1.000	0	67
0.43889	0.42268	0.45458	0.000	0.000	0.300	0.000	1.000	0	69
0.43889	0.42268	0.45458	0.000	0.000	0.300	0.000	1.000	0	69
0.43889	0.42268	0.45458	0.000	0.000	0.300	0.000	1.000	0	69
0.43843	0.42238	0.45458	0.000	0.000	0.309	0.000	1.000	0	71
0.43694	0.42238	0.45422	0.000	0.000	0.283	0.000	1.000	0	65
0.43609	0.42225	0.45422	0.000	0.000	0.300	0.000	1.000	0	69
0.43554	0.42225	0.45353	0.000	0.000	0.291	0.000	1.000	0	67
0.43527	0.42225	0.45177	0.000	0.000	0.287	0.000	1.000	0	66
0.43502	0.42225	0.44924	0.000	0.000	0.283	0.000	1.000	0	65
0.43434	0.41969	0.44724	0.000	0.000	0.287	0.000	1.000	0	66
0.43414	0.41969	0.44519	0.000	0.000	0.283	0.000	1.000	0	65
0.43374	0.41927	0.44466	0.000	0.000	0.283	0.000	1.000	0	65
0.43330	0.41896	0.44466	0.000	0.000	0.291	0.000	1.000	0	67
0.43330	0.41896	0.44466	0.000	0.000	0.291	0.000	1.000	0	67
0.43233	0.41827	0.44451	0.000	0.000	0.287	0.000	1.000	0	66
0.43233	0.41827	0.44451	0.000	0.000	0.287	0.000	1.000	0	66
0.43185	0.41596	0.44451	0.000	0.000	0.296	0.000	1.000	0	68
0.43126	0.41596	0.44362	0.000	0.000	0.283	0.000	1.000	0	65
0.43099	0.41317	0.44362	0.000	0.000	0.287	0.000	1.000	0	66
0.43016	0.41188	0.44362	0.000	0.000	0.300	0.000	1.000	0	69
0.42955	0.41188	0.44339	0.000	0.000	0.287	0.000	1.000	0	66
0.42933	0.41188	0.44290	0.000	0.000	0.283	0.000	1.000	0	65
0.42906	0.41129	0.44290	0.000	0.000	0.287	0.000	1.000	0	66
0.42807	0.41029	0.44273	0.000	0.000	0.287	0.000	1.000	0	66
0.42785	0.41029	0.44140	0.000	0.000	0.283	0.000	1.000	0	65
0.42704	0.40814	0.44017	0.000	0.000	0.287	0.000	1.000	0	66
0.42684	0.40814	0.43893	0.000	0.000	0.283	0.000	1.000	0	65
0.42626	0.40743	0.43893	0.000	0.000	0.291	0.000	1.000	0	67
0.42626	0.40743	0.43893	0.000	0.000	0.291	0.000	1.000	0	67
0.42598	0.40730	0.43893	0.000	0.000	0.296	0.000	1.000	0	68
0.42535	0.40391	0.43893	0.000	0.000	0.304	0.000	1.000	0	70
0.42535	0.40391	0.43893	0.000	0.000	0.304	0.000	1.000	0	70
0.42502	0.40199	0.43893	0.000	0.000	0.309	0.000	1.000	0	71
0.42379	0.40187	0.43893	0.000	0.000	0.326	0.000	1.000	0	75
0.42379	0.40187	0.43893	0.000	0.000	0.326	0.000	1.000	0	75
0.42379	0.40187	0.43893	0.000	0.000	0.326	0.000	1.000	0	75
0.42146	0.40187	0.43869	0.000	0.000	0.283	0.000	1.000	0	65
0.42060	0.40174	0.43828	0.000	0.000	0.287	0.000	1.000	0	66
0.42033	0.40174	0.43799	0.000	0.000	0.283	0.000	1.000	0	65
0.41949	0.40150	0.43687	0.000	0.000	0.287	0.000	1.000	0	66
0.41949	0.40150	0.43687	0.000	0.000	0.287	0.000	1.000	0	66
0.41919	0.39946	0.43687	0.000	0.000	0.291	0.000	1.000	0	67
0.41805	0.39791	0.43650	0.000	0.000	0.283	0.000	1.000	0	65
0.41772	0.39639	0.43650	0.000	0.000	0.287	0.000	1.000	0	66
0.41678	0.39389	0.43498	0.000	0.000	0.283	0.000	1.000	0	65
0.41642	0.39326	0.43498	0.000	0.000	0.287	0.000	1.000	0	66
0.41571	0.39230	0.43498	0.000	0.000	0.296	0.000	1.000	0	68
0.41482	0.39230	0.43455	0.000	0.000	0.283	0.000	1.000	0	65
0.41416	0.39154	0.43411	0.000	0.000	0.283	0.000	1.000	0	65
0.41380	0.39056	0.43411	0.000	0.000	0.287	0.000	1.000	0	66
0.41345	0.39019	0.43411	0.000	0.000	0.291	0.000	1.000	0	67
0.41310	0.38944	0.43411	0.000	0.000	0.296	0.000	1.000	0	68
0.41144	0.38934	0.43025	0.000	0.000	0.283	0.000	1.000	0	65
0.41079	0.38771	0.42947	0.000	0.000	0.283	0.000	1.000	0	65
0.41005	0.38625	0.42947	0.000	0.000	0.291	0.000	1.000	0	67
0.40946	0.38625	0.42904	0.000	0.000	0.283	0.000	1.000	0	65
0.40876	0.38370	0.42622	0.000	0.000	0.283	0.000	1.000	0	65
0.40836	0.38261	0.42622	0.000	0.000	0.287	0.000	1.000	0	66
0.40666	0.38223	0.42579	0.000	0.000	0.291	0.000	1.000	0	67
0.40637	0.38223	0.42526	0.000	0.000	0.287	0.000	1.000	0	66
0.40608	0.38223	0.42494	0.000	0.000	0.283	0.000	1.000	0	65
0.40570	0.38119	0.42494	0.000	0.000	0.287	0.000	1.000	0	66
0.40472	0.38058	0.42279	0.000	0.000	0.283	0.000	1.000	0	65
0.40389	0.37681	0.42279	0.000	0.000	0.291	0.000	1.000	0	67
0.40389	0.37681	0.42279	0.000	0.000	0.291	0.000	1.000	0	67
0.40290	0.37630	0.42269	0.000	0.000	0.287	0.000	1.000	0	66
0.40246	0.37358	0.42269	0.000	0.000	0.291	0.000	1.000	0	67
0.40101	0.36852	0.42238	0.000	0.000	0.283	0.000	1.000	0	65
0.40046	0.36529	0.42238	0.000	0.000	0.287	0.000	1.000	0	66
0.39920	0.36206	0.42225	0.000	0.000	0.283	0.000	1.000	0	65
0.39861	0.36051	0.42225	0.000	0.000	0.287	0.000	1.000	0	66
0.39799	0.35671	0.42225	0.000	0.000	0.291	0.000	1.000	0	67
0.39729	0.35059	0.42225	0.000	0.000	0.296	0.000	1.000	0	68
0.39503	0.35038	0.41969	0.000	0.000	0.283	0.000	1.000	0	65
0.39420	0.34018	0.41969	0.000	0.000	0.287	0.000	1.000	0	66
0.39255	0.33775	0.41927	0.000	0.000	0.283	0.000	1.000	0	65
0.39126	0.33522	0.41896	0.000	0.000	0.283	0.000	1.000	0	65
0.39040	0.33487	0.41896	0.000	0.000	0.287	0.000	1.000	0	66
0.38850	0.32397	0.41827	0.000	0.000	0.283	0.000	1.000	0	65
0.38750	0.32238	0.41827	0.000	0.000	0.287	0.000	1.000	0	66
0.38553	0.32122	0.41596	0.000	0.000	0.283	0.000	1.000	0	65
0.38359	0.32031	0.41596	0.000	0.000	0.291	0.000	1.000	0	67
0.38259	0.32031	0.41317	0.000	0.000	0.283	0.000	1.000	0	65
0.38103	0.31178	0.41191	0.000	0.000	0.283	0.000	1.000	0	65
0.37880	0.30625	0.41191	0.000	0.000	0.291	0.000	1.000	0	67
0.37880	0.30625	0.41191	0.000	0.000	0.291	0.000	1.000	0	67
0.37509	0.30605	0.41129	0.000	0.000	0.287	0.000	1.000	0	66
0.37453	0.30605	0.41029	0.000	0.000	0.283	0.000	1.000	0	65
0.37344	0.30253	0.41029	0.000	0.000	0.287	0.000	1.000	0	66
0.37099	0.28755	0.40819	0.000	0.000	0.283	0.000	1.000	0	65
0.36952	0.27415	0.40819	0.000	0.000	0.287	0.000	1.000	0	66
0.36672	0.26481	0.40743	0.000	0.000	0.283	0.000	1.000	0	65
0.36508	0.25836	0.40743	0.000	0.000	0.287	0.000	1.000	0	66
0.36199	0.24883	0.40730	0.000	0.000	0.283	0.000	1.000	0	65
0.35944	0.24166	0.40391	0.000	0.000	0.283	0.000	1.000	0	65
0.35735	0.22161	0.40391	0.000	0.000	0.287	0.000	1.000	0	66
0.35337	0.19215	0.40199	0.000	0.000	0.283	0.000	1.000	0	65
0.35007	0.18735	0.40187	0.000	0.000	0.283	0.000	1.000	0	65
0.34749	0.17991	0.40187	0.000	0.000	0.287	0.000	1.000	0	66
0.34494	0.17661	0.40187	0.000	0.000	0.291	0.000	1.000	0	67
0.34184	0.13381	0.40187	0.000	0.000	0.296	0.000	1.000	0	68
0.33461	0.11219	0.40174	0.000	0.000	0.283	0.000	1.000	0	65
0.32462	0.00000	0.40174	0.000	0.000	0.291	0.000	1.000	0	67
0.32225	0.00000	0.40150	0.000	0.000	0.283	0.000	1.000	0	65
