Score	Lower bound	Upper bound	Likelihood	TPR	FPR	PPV	FDR	No. positives	No. negatives
0.44414	0.42682	0.49692	2.682	1.000	0.373	0.083	0.917	8	88
0.43746	0.42286	0.47046	0.000	0.000	0.364	0.000	1.000	0	86
0.43690	0.42198	0.46077	0.000	0.000	0.364	0.000	1.000	0	86
0.43643	0.42109	0.45932	0.000	0.000	0.364	0.000	1.000	0	86
0.43624	0.41977	0.45932	0.000	0.000	0.369	0.000	1.000	0	87
0.43551	0.41933	0.45544	0.000	0.000	0.364	0.000	1.000	0	86
0.43514	0.40314	0.45544	0.000	0.000	0.369	0.000	1.000	0	87
0.43441	0.40259	0.45544	0.000	0.000	0.377	0.000	1.000	0	89
0.43367	0.40259	0.45127	0.000	0.000	0.364	0.000	1.000	0	86
0.43330	0.40169	0.45127	0.000	0.000	0.369	0.000	1.000	0	87
0.43214	0.40072	0.44043	0.000	0.000	0.369	0.000	1.000	0	87
0.43214	0.40072	0.44043	0.000	0.000	0.369	0.000	1.000	0	87
0.43053	0.40039	0.44004	0.000	0.000	0.377	0.000	1.000	0	89
0.43053	0.40039	0.44004	0.000	0.000	0.377	0.000	1.000	0	89
0.43053	0.40039	0.44004	0.000	0.000	0.377	0.000	1.000	0	89
0.43053	0.40039	0.44004	0.000	0.000	0.377	0.000	1.000	0	89
0.43017	0.39819	0.44004	0.000	0.000	0.381	0.000	1.000	0	90
0.42946	0.39774	0.44004	0.000	0.000	0.390	0.000	1.000	0	92
0.42946	0.39774	0.44004	0.000	0.000	0.390	0.000	1.000	0	92
0.42746	0.39674	0.44004	0.000	0.000	0.415	0.000	1.000	0	98
0.42634	0.39674	0.43964	0.000	0.000	0.381	0.000	1.000	0	90
0.42634	0.39674	0.43964	0.000	0.000	0.381	0.000	1.000	0	90
0.42634	0.39674	0.43964	0.000	0.000	0.381	0.000	1.000	0	90
0.42634	0.39674	0.43964	0.000	0.000	0.381	0.000	1.000	0	90
0.42634	0.39674	0.43964	0.000	0.000	0.381	0.000	1.000	0	90
0.42600	0.39498	0.43964	0.000	0.000	0.386	0.000	1.000	0	91
0.42564	0.39291	0.43964	0.000	0.000	0.390	0.000	1.000	0	92
0.42411	0.39226	0.43916	0.000	0.000	0.364	0.000	1.000	0	86
0.42373	0.39130	0.43916	0.000	0.000	0.369	0.000	1.000	0	87
0.42333	0.38840	0.43916	0.000	0.000	0.373	0.000	1.000	0	88
0.42236	0.38716	0.43893	0.000	0.000	0.364	0.000	1.000	0	86
0.42099	0.38184	0.43893	0.000	0.000	0.377	0.000	1.000	0	89
0.42099	0.38184	0.43893	0.000	0.000	0.377	0.000	1.000	0	89
0.42099	0.38184	0.43893	0.000	0.000	0.377	0.000	1.000	0	89
0.42051	0.37776	0.43893	0.000	0.000	0.381	0.000	1.000	0	90
0.42001	0.37432	0.43893	0.000	0.000	0.386	0.000	1.000	0	91
0.41951	0.37394	0.43893	0.000	0.000	0.390	0.000	1.000	0	92
0.41901	0.37343	0.43893	0.000	0.000	0.394	0.000	1.000	0	93
0.41750	0.37081	0.43893	0.000	0.000	0.407	0.000	1.000	0	96
0.41750	0.37081	0.43893	0.000	0.000	0.407	0.000	1.000	0	96
0.41750	0.37081	0.43893	0.000	0.000	0.407	0.000	1.000	0	96
0.41701	0.36933	0.43893	0.000	0.000	0.411	0.000	1.000	0	97
0.41549	0.36628	0.43893	0.000	0.000	0.424	0.000	1.000	0	100
0.41198	0.36628	0.43828	0.000	0.000	0.369	0.000	1.000	0	87
0.41168	0.36628	0.43745	0.000	0.000	0.364	0.000	1.000	0	86
0.41012	0.36553	0.43745	0.000	0.000	0.377	0.000	1.000	0	89
0.40949	0.36553	0.43717	0.000	0.000	0.369	0.000	1.000	0	87
0.40949	0.36553	0.43717	0.000	0.000	0.369	0.000	1.000	0	87
0.40899	0.36497	0.43717	0.000	0.000	0.373	0.000	1.000	0	88
0.40799	0.36392	0.43717	0.000	0.000	0.381	0.000	1.000	0	90
0.40663	0.36392	0.43696	0.000	0.000	0.364	0.000	1.000	0	86
0.40578	0.36371	0.43566	0.000	0.000	0.364	0.000	1.000	0	86
0.40527	0.36188	0.43566	0.000	0.000	0.369	0.000	1.000	0	87
0.40429	0.36151	0.43566	0.000	0.000	0.377	0.000	1.000	0	89
0.40319	0.36151	0.43510	0.000	0.000	0.364	0.000	1.000	0	86
0.40232	0.36027	0.43435	0.000	0.000	0.364	0.000	1.000	0	86
0.40098	0.35986	0.43256	0.000	0.000	0.369	0.000	1.000	0	87
0.40061	0.35986	0.43213	0.000	0.000	0.364	0.000	1.000	0	86
0.40013	0.35845	0.43213	0.000	0.000	0.369	0.000	1.000	0	87
0.39962	0.35512	0.43213	0.000	0.000	0.373	0.000	1.000	0	88
0.39795	0.35392	0.43170	0.000	0.000	0.364	0.000	1.000	0	86
0.39692	0.35237	0.43170	0.000	0.000	0.373	0.000	1.000	0	88
0.39692	0.35237	0.43170	0.000	0.000	0.373	0.000	1.000	0	88
0.39641	0.35208	0.43170	0.000	0.000	0.377	0.000	1.000	0	89
0.39376	0.35161	0.43127	0.000	0.000	0.369	0.000	1.000	0	87
0.39376	0.35161	0.43127	0.000	0.000	0.369	0.000	1.000	0	87
0.39327	0.35060	0.43127	0.000	0.000	0.373	0.000	1.000	0	88
0.39276	0.34803	0.43127	0.000	0.000	0.377	0.000	1.000	0	89
0.39225	0.34652	0.43127	0.000	0.000	0.381	0.000	1.000	0	90
0.39173	0.34492	0.43127	0.000	0.000	0.386	0.000	1.000	0	91
0.39121	0.34416	0.43127	0.000	0.000	0.390	0.000	1.000	0	92
0.39015	0.34147	0.43127	0.000	0.000	0.398	0.000	1.000	0	94
0.39015	0.34147	0.43127	0.000	0.000	0.398	0.000	1.000	0	94
0.38963	0.34032	0.43127	0.000	0.000	0.403	0.000	1.000	0	95
0.38421	0.33944	0.42928	0.000	0.000	0.364	0.000	1.000	0	86
0.38318	0.33905	0.42928	0.000	0.000	0.373	0.000	1.000	0	88
0.38318	0.33905	0.42928	0.000	0.000	0.373	0.000	1.000	0	88
0.38102	0.33616	0.42910	0.000	0.000	0.364	0.000	1.000	0	86
0.37993	0.33525	0.42726	0.000	0.000	0.364	0.000	1.000	0	86
0.37829	0.33122	0.42726	0.000	0.000	0.377	0.000	1.000	0	89
0.37829	0.33122	0.42726	0.000	0.000	0.377	0.000	1.000	0	89
0.37829	0.33122	0.42726	0.000	0.000	0.377	0.000	1.000	0	89
0.37775	0.32961	0.42726	0.000	0.000	0.381	0.000	1.000	0	90
0.37718	0.32559	0.42726	0.000	0.000	0.386	0.000	1.000	0	91
0.37661	0.32483	0.42726	0.000	0.000	0.390	0.000	1.000	0	92
0.37186	0.32292	0.42682	0.000	0.000	0.364	0.000	1.000	0	86
0.37058	0.31655	0.42286	0.000	0.000	0.364	0.000	1.000	0	86
0.36934	0.31610	0.42198	0.000	0.000	0.364	0.000	1.000	0	86
0.36809	0.31453	0.42109	0.000	0.000	0.364	0.000	1.000	0	86
0.36684	0.31341	0.41977	0.000	0.000	0.364	0.000	1.000	0	86
0.36559	0.31230	0.41933	0.000	0.000	0.364	0.000	1.000	0	86
0.36288	0.30408	0.40314	0.000	0.000	0.373	0.000	1.000	0	88
0.36242	0.30408	0.40259	0.000	0.000	0.369	0.000	1.000	0	87
0.36242	0.30408	0.40259	0.000	0.000	0.369	0.000	1.000	0	87
0.36074	0.29876	0.40169	0.000	0.000	0.364	0.000	1.000	0	86
0.35810	0.29687	0.40072	0.000	0.000	0.373	0.000	1.000	0	88
0.35810	0.29687	0.40072	0.000	0.000	0.373	0.000	1.000	0	88
0.35711	0.29687	0.40039	0.000	0.000	0.364	0.000	1.000	0	86
0.35640	0.29568	0.40039	0.000	0.000	0.369	0.000	1.000	0	87
0.35570	0.29427	0.40039	0.000	0.000	0.373	0.000	1.000	0	88
0.35498	0.29219	0.40039	0.000	0.000	0.377	0.000	1.000	0	89
0.35213	0.29091	0.39819	0.000	0.000	0.364	0.000	1.000	0	86
0.35086	0.28880	0.39774	0.000	0.000	0.364	0.000	1.000	0	86
0.35013	0.28758	0.39774	0.000	0.000	0.369	0.000	1.000	0	87
0.34826	0.28489	0.39674	0.000	0.000	0.364	0.000	1.000	0	86
0.34607	0.28320	0.39674	0.000	0.000	0.377	0.000	1.000	0	89
0.34607	0.28320	0.39674	0.000	0.000	0.377	0.000	1.000	0	89
0.34607	0.28320	0.39674	0.000	0.000	0.377	0.000	1.000	0	89
0.34534	0.28035	0.39674	0.000	0.000	0.381	0.000	1.000	0	90
0.34388	0.27822	0.39674	0.000	0.000	0.390	0.000	1.000	0	92
0.34019	0.27822	0.39498	0.000	0.000	0.364	0.000	1.000	0	86
0.33882	0.27705	0.39291	0.000	0.000	0.364	0.000	1.000	0	86
0.33742	0.27243	0.39226	0.000	0.000	0.364	0.000	1.000	0	86
0.33600	0.26972	0.39130	0.000	0.000	0.364	0.000	1.000	0	86
0.33457	0.26904	0.38840	0.000	0.000	0.364	0.000	1.000	0	86
0.33242	0.26799	0.38716	0.000	0.000	0.369	0.000	1.000	0	87
0.33179	0.26799	0.38184	0.000	0.000	0.364	0.000	1.000	0	86
0.33029	0.26568	0.38184	0.000	0.000	0.373	0.000	1.000	0	88
0.33029	0.26568	0.38184	0.000	0.000	0.373	0.000	1.000	0	88
0.32695	0.26239	0.37776	0.000	0.000	0.369	0.000	1.000	0	87
0.32636	0.26239	0.37432	0.000	0.000	0.364	0.000	1.000	0	86
0.32494	0.25212	0.37394	0.000	0.000	0.364	0.000	1.000	0	86
0.32346	0.24734	0.37343	0.000	0.000	0.364	0.000	1.000	0	86
0.32197	0.24519	0.37081	0.000	0.000	0.364	0.000	1.000	0	86
0.32100	0.23701	0.37081	0.000	0.000	0.369	0.000	1.000	0	87
0.31978	0.21363	0.37081	0.000	0.000	0.373	0.000	1.000	0	88
0.31667	0.20605	0.36933	0.000	0.000	0.364	0.000	1.000	0	86
0.31471	0.20011	0.36628	0.000	0.000	0.364	0.000	1.000	0	86
0.31337	0.19814	0.36628	0.000	0.000	0.369	0.000	1.000	0	87
0.31205	0.19801	0.36628	0.000	0.000	0.373	0.000	1.000	0	88
0.30745	0.19318	0.36555	0.000	0.000	0.369	0.000	1.000	0	87
0.30745	0.19318	0.36555	0.000	0.000	0.369	0.000	1.000	0	87
0.30611	0.18926	0.36555	0.000	0.000	0.373	0.000	1.000	0	88
0.30267	0.18859	0.36497	0.000	0.000	0.364	0.000	1.000	0	86
0.30057	0.18456	0.36392	0.000	0.000	0.364	0.000	1.000	0	86
0.29920	0.18127	0.36392	0.000	0.000	0.369	0.000	1.000	0	87
0.29630	0.17932	0.36371	0.000	0.000	0.364	0.000	1.000	0	86
0.29259	0.16850	0.36188	0.000	0.000	0.369	0.000	1.000	0	87
0.29178	0.16850	0.36151	0.000	0.000	0.364	0.000	1.000	0	86
0.29016	0.15077	0.36151	0.000	0.000	0.369	0.000	1.000	0	87
0.28686	0.14921	0.36027	0.000	0.000	0.364	0.000	1.000	0	86
0.28440	0.14832	0.35986	0.000	0.000	0.364	0.000	1.000	0	86
0.28283	0.14793	0.35986	0.000	0.000	0.369	0.000	1.000	0	87
0.27939	0.14120	0.35845	0.000	0.000	0.364	0.000	1.000	0	86
0.27684	0.13886	0.35512	0.000	0.000	0.364	0.000	1.000	0	86
0.27428	0.13478	0.35392	0.000	0.000	0.364	0.000	1.000	0	86
0.27145	0.11106	0.35237	0.000	0.000	0.364	0.000	1.000	0	86
0.26528	0.00000	0.35237	0.000	0.000	0.373	0.000	1.000	0	88
0.26326	0.00000	0.35208	0.000	0.000	0.364	0.000	1.000	0	86
