Score	Lower bound	Upper bound	Likelihood	TPR	FPR	PPV	FDR	No. positives	No. negatives
0.29645	0.23582	0.39546	21.39574	0.2260	0.0106	0.7791	0.2209	134	38
0.29196	0.22933	0.39546	20.65822	0.2411	0.0117	0.7730	0.2270	143	42
0.28510	0.22867	0.39513	19.21359	0.2243	0.0117	0.7600	0.2400	133	42
0.27101	0.18787	0.39491	18.68774	0.2597	0.0139	0.7549	0.2451	154	50
0.25335	0.18598	0.30531	18.20235	0.2175	0.0120	0.7500	0.2500	129	43
0.25224	0.18383	0.30466	17.25852	0.2159	0.0125	0.7399	0.2601	128	45
0.25194	0.18383	0.30425	17.12369	0.2142	0.0125	0.7384	0.2616	127	45
0.25083	0.18269	0.30319	16.26593	0.2125	0.0131	0.7283	0.2717	126	47
0.25053	0.18269	0.30171	16.13684	0.2108	0.0131	0.7267	0.2733	125	47
0.23572	0.18171	0.29501	11.48771	0.2395	0.0208	0.6544	0.3456	142	75
0.23544	0.18171	0.29460	11.40681	0.2378	0.0208	0.6528	0.3472	141	75
0.23517	0.18171	0.29242	11.32591	0.2361	0.0208	0.6512	0.3488	140	75
0.23517	0.18171	0.29242	11.32591	0.2361	0.0208	0.6512	0.3488	140	75
0.23463	0.18171	0.29076	11.16411	0.2327	0.0208	0.6479	0.3521	138	75
0.23286	0.18169	0.28954	10.79534	0.2310	0.0214	0.6402	0.3598	137	77
0.23100	0.18169	0.28520	10.67871	0.2226	0.0208	0.6377	0.3623	132	75
0.23073	0.18169	0.28493	10.59781	0.2209	0.0208	0.6359	0.3641	131	75
0.23047	0.18169	0.28442	10.51692	0.2192	0.0208	0.6341	0.3659	130	75
0.23020	0.18169	0.28350	10.43602	0.2175	0.0208	0.6324	0.3676	129	75
0.22994	0.18169	0.28273	10.35512	0.2159	0.0208	0.6305	0.3695	128	75
0.22915	0.18169	0.28227	10.33107	0.2125	0.0206	0.6300	0.3700	126	74
0.22750	0.18165	0.28199	9.87906	0.2142	0.0217	0.6195	0.3805	127	78
0.22456	0.18165	0.27537	9.83911	0.2024	0.0206	0.6186	0.3814	120	74
0.22343	0.18163	0.27524	9.66002	0.2040	0.0211	0.6142	0.3858	121	76
0.22316	0.18163	0.27468	9.58019	0.2024	0.0211	0.6122	0.3878	120	76
0.22316	0.18163	0.27468	9.58019	0.2024	0.0211	0.6122	0.3878	120	76
0.22263	0.18163	0.27426	9.42052	0.1990	0.0211	0.6082	0.3918	118	76
0.22195	0.18163	0.27415	9.29817	0.1990	0.0214	0.6051	0.3949	118	77
0.22195	0.18163	0.27415	9.29817	0.1990	0.0214	0.6051	0.3949	118	77
0.22140	0.18163	0.27300	9.14058	0.1956	0.0214	0.6010	0.3990	116	77
0.22019	0.18160	0.27081	9.06178	0.1939	0.0214	0.5990	0.4010	115	77
0.21887	0.18160	0.26881	9.06073	0.1889	0.0208	0.5989	0.4011	112	75
0.21697	0.18145	0.26881	8.68919	0.1956	0.0225	0.5888	0.4112	116	81
0.21345	0.18142	0.25859	8.52515	0.1872	0.0220	0.5842	0.4158	111	79
0.21345	0.18142	0.25859	8.52515	0.1872	0.0220	0.5842	0.4158	111	79
0.21311	0.18140	0.25859	8.31466	0.1872	0.0225	0.5781	0.4219	111	81
0.21311	0.18140	0.25859	8.31466	0.1872	0.0225	0.5781	0.4219	111	81
0.21311	0.18140	0.25859	8.31466	0.1872	0.0225	0.5781	0.4219	111	81
0.21311	0.18140	0.25859	8.31466	0.1872	0.0225	0.5781	0.4219	111	81
0.21311	0.18140	0.25859	8.31466	0.1872	0.0225	0.5781	0.4219	111	81
0.21215	0.18140	0.25857	8.01503	0.1804	0.0225	0.5691	0.4309	107	81
0.21215	0.18140	0.25857	8.01503	0.1804	0.0225	0.5691	0.4309	107	81
0.21062	0.18140	0.25852	7.56559	0.1703	0.0225	0.5549	0.4451	101	81
0.21062	0.18140	0.25852	7.56559	0.1703	0.0225	0.5549	0.4451	101	81
0.21062	0.18140	0.25852	7.56559	0.1703	0.0225	0.5549	0.4451	101	81
0.20664	0.18120	0.25822	6.87157	0.1585	0.0231	0.5311	0.4689	94	83
0.20664	0.18120	0.25822	6.87157	0.1585	0.0231	0.5311	0.4689	94	83
0.20528	0.18113	0.25822	6.40083	0.1619	0.0253	0.5134	0.4866	96	91
0.20528	0.18113	0.25822	6.40083	0.1619	0.0253	0.5134	0.4866	96	91
0.20413	0.18113	0.25811	6.13413	0.1551	0.0253	0.5027	0.4973	92	91
0.20413	0.18113	0.25811	6.13413	0.1551	0.0253	0.5027	0.4973	92	91
0.20413	0.18113	0.25811	6.13413	0.1551	0.0253	0.5027	0.4973	92	91
0.20413	0.18113	0.25811	6.13413	0.1551	0.0253	0.5027	0.4973	92	91
0.20413	0.18113	0.25811	6.13413	0.1551	0.0253	0.5027	0.4973	92	91
0.20261	0.18113	0.25739	6.06745	0.1501	0.0247	0.5000	0.5000	89	89
0.20261	0.18113	0.25739	6.06745	0.1501	0.0247	0.5000	0.5000	89	89
0.20261	0.18113	0.25739	6.06745	0.1501	0.0247	0.5000	0.5000	89	89
0.20261	0.18113	0.25739	6.06745	0.1501	0.0247	0.5000	0.5000	89	89
0.20261	0.18113	0.25739	6.06745	0.1501	0.0247	0.5000	0.5000	89	89
0.20261	0.18113	0.25739	6.06745	0.1501	0.0247	0.5000	0.5000	89	89
0.20070	0.18113	0.25694	5.92797	0.1433	0.0242	0.4942	0.5058	85	87
0.19993	0.18094	0.25674	5.86293	0.1450	0.0247	0.4914	0.5086	86	89
0.19993	0.18094	0.25674	5.86293	0.1450	0.0247	0.4914	0.5086	86	89
0.19865	0.18051	0.25557	5.73770	0.1467	0.0256	0.4860	0.5140	87	92
0.19642	0.18051	0.24954	5.65841	0.1400	0.0247	0.4826	0.5174	83	89
0.19593	0.18033	0.24831	5.46737	0.1383	0.0253	0.4740	0.5260	82	91
0.19562	0.18033	0.24778	5.40070	0.1366	0.0253	0.4709	0.5291	81	91
0.19510	0.17991	0.24778	5.30104	0.1400	0.0264	0.4663	0.5337	83	95
0.19365	0.17991	0.24207	5.21931	0.1349	0.0258	0.4624	0.5376	80	93
0.19277	0.17943	0.23961	4.99301	0.1332	0.0267	0.4514	0.5486	79	96
0.19277	0.17943	0.23961	4.99301	0.1332	0.0267	0.4514	0.5486	79	96
0.19223	0.17943	0.23911	4.86660	0.1298	0.0267	0.4451	0.5549	77	96
0.19196	0.17943	0.23585	4.80340	0.1282	0.0267	0.4419	0.5581	76	96
0.19188	0.17881	0.23585	4.75388	0.1282	0.0270	0.4393	0.5607	76	97
0.19129	0.17809	0.23467	4.69133	0.1265	0.0270	0.4360	0.5640	75	97
0.19074	0.17679	0.23467	4.47696	0.1282	0.0286	0.4246	0.5754	76	103
0.18844	0.17651	0.23232	4.34239	0.1231	0.0283	0.4171	0.5829	73	102
0.18805	0.17643	0.23098	4.30023	0.1231	0.0286	0.4148	0.5852	73	103
0.18756	0.17643	0.22933	4.28291	0.1214	0.0283	0.4138	0.5862	72	102
0.18708	0.17643	0.22867	4.16394	0.1180	0.0283	0.4070	0.5930	70	102
0.18671	0.17625	0.22672	4.02552	0.1164	0.0289	0.3988	0.6012	69	104
0.18610	0.17483	0.22579	3.84086	0.1164	0.0303	0.3876	0.6124	69	109
0.18466	0.17431	0.22057	3.70789	0.1113	0.0300	0.3793	0.6207	66	108
0.18424	0.17431	0.21662	3.59553	0.1079	0.0300	0.3721	0.6279	64	108
0.18401	0.17389	0.21662	3.55301	0.1096	0.0309	0.3693	0.6307	65	111
0.18401	0.17389	0.21662	3.55301	0.1096	0.0309	0.3693	0.6307	65	111
0.18284	0.17330	0.21462	3.41294	0.1062	0.0311	0.3600	0.6400	63	112
0.18229	0.17330	0.21342	3.33437	0.1029	0.0309	0.3547	0.6453	61	111
0.16847	0.13509	0.21286	3.28239	0.2226	0.0678	0.3511	0.6489	132	244
0.15410	0.13474	0.16884	3.00735	0.0961	0.0320	0.3314	0.6686	57	115
0.15398	0.13453	0.16884	2.98142	0.0961	0.0322	0.3295	0.6705	57	116
0.15369	0.13367	0.16842	2.92912	0.0944	0.0322	0.3256	0.6744	56	116
0.15358	0.13355	0.16842	2.90408	0.0944	0.0325	0.3237	0.6763	56	117
0.15316	0.13273	0.16783	2.90408	0.0944	0.0325	0.3237	0.6763	56	117
0.15316	0.13273	0.16783	2.90408	0.0944	0.0325	0.3237	0.6763	56	117
0.15269	0.13207	0.16783	2.88204	0.0961	0.0334	0.3220	0.6780	57	120
0.15243	0.13207	0.16741	2.80429	0.0927	0.0331	0.3161	0.6839	55	119
0.15028	0.12717	0.16686	2.73267	0.0995	0.0364	0.3105	0.6895	59	131
0.11175	0.06505	0.16452	2.60826	0.2378	0.0912	0.3006	0.6994	141	328
0.07960	0.06485	0.08991	2.11655	0.0759	0.0359	0.2586	0.7414	45	129
0.07916	0.06462	0.08964	1.99161	0.0725	0.0364	0.2471	0.7529	43	131
0.07283	0.05485	0.08964	1.88834	0.1029	0.0545	0.2374	0.7626	61	196
0.06592	0.05436	0.08007	1.87042	0.0691	0.0370	0.2356	0.7644	41	133
0.06584	0.05436	0.07979	1.82480	0.0675	0.0370	0.2312	0.7688	40	133
0.06584	0.05436	0.07979	1.82480	0.0675	0.0370	0.2312	0.7688	40	133
0.06554	0.05415	0.07945	1.82480	0.0675	0.0370	0.2312	0.7688	40	133
0.06461	0.05374	0.07945	1.79931	0.0725	0.0403	0.2287	0.7713	43	145
0.06413	0.05374	0.07867	1.76429	0.0691	0.0392	0.2253	0.7747	41	141
0.06413	0.05374	0.07867	1.76429	0.0691	0.0392	0.2253	0.7747	41	141
0.06413	0.05374	0.07867	1.76429	0.0691	0.0392	0.2253	0.7747	41	141
0.06174	0.05038	0.07867	1.63617	0.0809	0.0495	0.2124	0.7876	48	178
0.05759	0.04990	0.06862	1.51686	0.0607	0.0400	0.2000	0.8000	36	144
0.05729	0.04990	0.06743	1.51686	0.0590	0.0389	0.2000	0.8000	35	140
0.05729	0.04990	0.06743	1.51686	0.0590	0.0389	0.2000	0.8000	35	140
0.05719	0.04979	0.06734	1.51686	0.0590	0.0389	0.2000	0.8000	35	140
0.05689	0.04944	0.06725	1.51686	0.0590	0.0389	0.2000	0.8000	35	140
0.05493	0.04575	0.06660	1.49025	0.0708	0.0475	0.1972	0.8028	42	171
0.05281	0.04557	0.06150	1.38087	0.0556	0.0403	0.1854	0.8146	33	145
0.05281	0.04557	0.06150	1.38087	0.0556	0.0403	0.1854	0.8146	33	145
0.05217	0.04476	0.06073	1.38087	0.0556	0.0403	0.1854	0.8146	33	145
0.05202	0.04476	0.06003	1.35775	0.0540	0.0397	0.1829	0.8171	32	143
0.05202	0.04476	0.06003	1.35775	0.0540	0.0397	0.1829	0.8171	32	143
0.05163	0.04428	0.05980	1.34832	0.0540	0.0400	0.1818	0.8182	32	144
0.04513	0.03487	0.05925	1.34595	0.1062	0.0789	0.1816	0.8184	63	284
0.03721	0.03254	0.04368	1.25928	0.0742	0.0589	0.1719	0.8281	44	212
0.03539	0.03254	0.03901	1.09214	0.0455	0.0417	0.1525	0.8475	27	150
0.03539	0.03254	0.03901	1.09214	0.0455	0.0417	0.1525	0.8475	27	150
0.03535	0.03247	0.03901	1.07777	0.0455	0.0422	0.1508	0.8492	27	152
0.03527	0.03247	0.03870	1.01124	0.0422	0.0417	0.1429	0.8571	25	150
0.03520	0.03241	0.03859	1.01124	0.0422	0.0417	0.1429	0.8571	25	150
0.03520	0.03241	0.03859	1.01124	0.0422	0.0417	0.1429	0.8571	25	150
0.03515	0.03233	0.03859	0.99141	0.0422	0.0425	0.1404	0.8596	25	153
0.03515	0.03233	0.03859	0.99141	0.0422	0.0425	0.1404	0.8596	25	153
0.03513	0.03225	0.03859	0.98498	0.0422	0.0428	0.1397	0.8603	25	154
0.03495	0.03215	0.03829	0.96436	0.0405	0.0420	0.1371	0.8629	24	151
0.03495	0.03215	0.03829	0.96436	0.0405	0.0420	0.1371	0.8629	24	151
0.03495	0.03215	0.03829	0.96436	0.0405	0.0420	0.1371	0.8629	24	151
0.03495	0.03215	0.03829	0.96436	0.0405	0.0420	0.1371	0.8629	24	151
0.03490	0.03199	0.03829	0.94558	0.0405	0.0428	0.1348	0.8652	24	154
0.03477	0.03176	0.03829	0.89888	0.0405	0.0450	0.1290	0.8710	24	162
0.03446	0.03147	0.03803	0.87220	0.0388	0.0445	0.1257	0.8743	23	160
0.03434	0.03147	0.03760	0.86119	0.0371	0.0431	0.1243	0.8757	22	155
0.03422	0.03140	0.03734	0.82204	0.0354	0.0431	0.1193	0.8807	21	155
0.03422	0.03140	0.03734	0.82204	0.0354	0.0431	0.1193	0.8807	21	155
0.03422	0.03140	0.03734	0.82204	0.0354	0.0431	0.1193	0.8807	21	155
0.03422	0.03140	0.03734	0.82204	0.0354	0.0431	0.1193	0.8807	21	155
0.03420	0.03132	0.03734	0.81677	0.0354	0.0434	0.1186	0.8814	21	156
0.03419	0.03122	0.03734	0.81157	0.0354	0.0436	0.1180	0.8820	21	157
0.03412	0.03115	0.03729	0.81157	0.0354	0.0436	0.1180	0.8820	21	157
0.03405	0.03112	0.03726	0.81157	0.0354	0.0436	0.1180	0.8820	21	157
0.03393	0.03107	0.03705	0.77292	0.0337	0.0436	0.1130	0.8870	20	157
0.03393	0.03107	0.03705	0.77292	0.0337	0.0436	0.1130	0.8870	20	157
0.03375	0.03082	0.03703	0.77222	0.0354	0.0459	0.1129	0.8871	21	165
0.03304	0.03000	0.03664	0.69887	0.0371	0.0531	0.1033	0.8967	22	191
0.03243	0.03000	0.03497	0.68259	0.0304	0.0445	0.1011	0.8989	18	160
0.03242	0.02995	0.03497	0.67835	0.0304	0.0447	0.1006	0.8994	18	161
0.03242	0.02995	0.03497	0.67835	0.0304	0.0447	0.1006	0.8994	18	161
0.03144	0.02802	0.03496	0.65300	0.0405	0.0620	0.0972	0.9028	24	223
0.03045	0.02802	0.03323	0.59558	0.0270	0.0453	0.0894	0.9106	16	163
0.02332	0.01535	0.03323	0.54398	0.1096	0.2015	0.0823	0.9177	65	725
0.01691	0.01528	0.01871	0.37496	0.0185	0.0495	0.0582	0.9418	11	178
0.01687	0.01528	0.01865	0.34671	0.0169	0.0486	0.0541	0.9459	10	175
0.01687	0.01528	0.01865	0.34671	0.0169	0.0486	0.0541	0.9459	10	175
0.00984	0.00444	0.01865	0.30914	0.0995	0.3218	0.0485	0.9515	59	1158
0.00525	0.00444	0.00638	0.30556	0.0236	0.0773	0.0479	0.9521	14	278
0.00525	0.00444	0.00638	0.30556	0.0236	0.0773	0.0479	0.9521	14	278
0.00525	0.00444	0.00638	0.30556	0.0236	0.0773	0.0479	0.9521	14	278
0.00520	0.00442	0.00634	0.29597	0.0236	0.0798	0.0465	0.9535	14	287
0.00520	0.00442	0.00634	0.29393	0.0236	0.0803	0.0462	0.9538	14	289
0.00520	0.00442	0.00634	0.29393	0.0236	0.0803	0.0462	0.9538	14	289
0.00515	0.00441	0.00633	0.28505	0.0236	0.0828	0.0449	0.9551	14	298
0.00514	0.00441	0.00633	0.28315	0.0236	0.0834	0.0446	0.9554	14	300
0.00488	0.00441	0.00626	0.24765	0.0169	0.0681	0.0392	0.9608	10	245
0.00484	0.00440	0.00618	0.22289	0.0152	0.0681	0.0354	0.9646	9	245
0.00474	0.00436	0.00610	0.18765	0.0152	0.0809	0.0300	0.9700	9	291
0.00464	0.00436	0.00550	0.15223	0.0118	0.0775	0.0245	0.9755	7	279
0.00369	0.00095	0.00545	0.12641	0.0236	0.1868	0.0204	0.9796	14	672
0.00243	0.00095	0.00336	0.10197	0.0067	0.0661	0.0165	0.9835	4	238
0.00243	0.00095	0.00336	0.10197	0.0067	0.0661	0.0165	0.9835	4	238
0.00145	0.00017	0.00336	0.10197	0.0135	0.1323	0.0165	0.9835	8	476
0.00024	0.00000	0.00084	0.06255	0.0084	0.1348	0.0102	0.9898	5	485
0.00011	0.00000	0.00037	0.03438	0.0034	0.0981	0.0056	0.9944	2	353
