Score	Lower bound	Upper bound	Likelihood	TPR	FPR	PPV	FDR	No. positives	No. negatives
0.51432	0.41968	0.55491	17.14247	1.0000	0.0583	0.7742	0.2258	24	7
0.51432	0.41968	0.55491	17.14247	1.0000	0.0583	0.7742	0.2258	24	7
0.51432	0.41968	0.55491	17.14247	1.0000	0.0583	0.7742	0.2258	24	7
0.51127	0.41673	0.55491	14.99971	1.0000	0.0667	0.7500	0.2500	24	8
0.50030	0.41251	0.55491	9.99988	1.0000	0.1000	0.6667	0.3333	24	12
0.50030	0.41251	0.55491	9.99988	1.0000	0.1000	0.6667	0.3333	24	12
0.50030	0.41251	0.55491	9.99988	1.0000	0.1000	0.6667	0.3333	24	12
0.50030	0.41251	0.55491	9.99988	1.0000	0.1000	0.6667	0.3333	24	12
0.49459	0.39178	0.55491	8.57134	1.0000	0.1167	0.6316	0.3684	24	14
0.49459	0.39178	0.55491	8.57134	1.0000	0.1167	0.6316	0.3684	24	14
0.49185	0.38788	0.55491	7.99992	1.0000	0.1250	0.6154	0.3846	24	15
0.48922	0.38674	0.55491	7.49993	1.0000	0.1333	0.6000	0.4000	24	16
0.47480	0.37868	0.55491	5.45451	1.0000	0.1833	0.5217	0.4783	24	22
0.47480	0.37868	0.55491	5.45451	1.0000	0.1833	0.5217	0.4783	24	22
0.47480	0.37868	0.55491	5.45451	1.0000	0.1833	0.5217	0.4783	24	22
0.47480	0.37868	0.55491	5.45451	1.0000	0.1833	0.5217	0.4783	24	22
0.43208	0.37868	0.50529	1.81818	0.3333	0.1833	0.2667	0.7333	8	22
0.43208	0.37868	0.50529	1.81818	0.3333	0.1833	0.2667	0.7333	8	22
0.42974	0.35951	0.50529	1.73913	0.3333	0.1917	0.2581	0.7419	8	23
0.40956	0.34701	0.50529	1.21212	0.3333	0.2750	0.1951	0.8049	8	33
0.39921	0.34701	0.49151	0.60606	0.1667	0.2750	0.1081	0.8919	4	33
0.39921	0.34701	0.49151	0.60606	0.1667	0.2750	0.1081	0.8919	4	33
0.39921	0.34701	0.49151	0.60606	0.1667	0.2750	0.1081	0.8919	4	33
0.39921	0.34701	0.49151	0.60606	0.1667	0.2750	0.1081	0.8919	4	33
0.38803	0.34701	0.48196	0.00000	0.0000	0.2750	0.0000	1.0000	0	33
0.38509	0.34701	0.47209	0.00000	0.0000	0.2667	0.0000	1.0000	0	32
0.38229	0.34701	0.44547	0.00000	0.0000	0.2583	0.0000	1.0000	0	31
0.38018	0.34701	0.41968	0.00000	0.0000	0.2500	0.0000	1.0000	0	30
0.38018	0.34701	0.41968	0.00000	0.0000	0.2500	0.0000	1.0000	0	30
0.37864	0.33232	0.41968	0.00000	0.0000	0.2583	0.0000	1.0000	0	31
0.37556	0.32782	0.41968	0.00000	0.0000	0.2750	0.0000	1.0000	0	33
0.36947	0.32782	0.41673	0.00000	0.0000	0.2417	0.0000	1.0000	0	29
0.36485	0.32383	0.41251	0.00000	0.0000	0.2500	0.0000	1.0000	0	30
0.36485	0.32383	0.41251	0.00000	0.0000	0.2500	0.0000	1.0000	0	30
0.36342	0.32032	0.41251	0.00000	0.0000	0.2583	0.0000	1.0000	0	31
0.35606	0.31804	0.41251	0.00000	0.0000	0.3083	0.0000	1.0000	0	37
0.34921	0.31804	0.39178	0.00000	0.0000	0.2750	0.0000	1.0000	0	33
0.34921	0.31804	0.39178	0.00000	0.0000	0.2750	0.0000	1.0000	0	33
0.34647	0.31804	0.38788	0.00000	0.0000	0.2583	0.0000	1.0000	0	31
0.34509	0.31804	0.38674	0.00000	0.0000	0.2500	0.0000	1.0000	0	30
0.34365	0.31804	0.37868	0.00000	0.0000	0.2417	0.0000	1.0000	0	29
0.34138	0.30841	0.37868	0.00000	0.0000	0.2583	0.0000	1.0000	0	31
0.34138	0.30841	0.37868	0.00000	0.0000	0.2583	0.0000	1.0000	0	31
0.33915	0.30469	0.37868	0.00000	0.0000	0.2750	0.0000	1.0000	0	33
0.33915	0.30469	0.37868	0.00000	0.0000	0.2750	0.0000	1.0000	0	33
0.33252	0.27781	0.37868	0.00000	0.0000	0.3083	0.0000	1.0000	0	37
0.32359	0.27781	0.35951	0.00000	0.0000	0.2583	0.0000	1.0000	0	31
0.32239	0.27781	0.34701	0.00000	0.0000	0.2500	0.0000	1.0000	0	30
0.32239	0.27781	0.34701	0.00000	0.0000	0.2500	0.0000	1.0000	0	30
0.32091	0.27655	0.34701	0.00000	0.0000	0.2583	0.0000	1.0000	0	31
0.31889	0.25632	0.34701	0.00000	0.0000	0.2667	0.0000	1.0000	0	32
0.31684	0.25106	0.34701	0.00000	0.0000	0.2750	0.0000	1.0000	0	33
0.31085	0.24502	0.34701	0.00000	0.0000	0.3000	0.0000	1.0000	0	36
0.31085	0.24502	0.34701	0.00000	0.0000	0.3000	0.0000	1.0000	0	36
0.31085	0.24502	0.34701	0.00000	0.0000	0.3000	0.0000	1.0000	0	36
0.29735	0.23658	0.34701	0.00000	0.0000	0.3667	0.0000	1.0000	0	44
0.29735	0.23658	0.34701	0.00000	0.0000	0.3667	0.0000	1.0000	0	44
0.28274	0.23658	0.33232	0.00000	0.0000	0.2833	0.0000	1.0000	0	34
0.28124	0.23658	0.32782	0.00000	0.0000	0.2750	0.0000	1.0000	0	33
0.28124	0.23658	0.32782	0.00000	0.0000	0.2750	0.0000	1.0000	0	33
0.27824	0.23658	0.32383	0.00000	0.0000	0.2583	0.0000	1.0000	0	31
0.27824	0.23658	0.32383	0.00000	0.0000	0.2583	0.0000	1.0000	0	31
0.27509	0.23658	0.32032	0.00000	0.0000	0.2417	0.0000	1.0000	0	29
0.27214	0.23468	0.31804	0.00000	0.0000	0.2417	0.0000	1.0000	0	29
0.27077	0.23117	0.31804	0.00000	0.0000	0.2500	0.0000	1.0000	0	30
0.26948	0.23060	0.31804	0.00000	0.0000	0.2583	0.0000	1.0000	0	31
0.26479	0.22845	0.31804	0.00000	0.0000	0.2917	0.0000	1.0000	0	35
0.26479	0.22845	0.31804	0.00000	0.0000	0.2917	0.0000	1.0000	0	35
0.26479	0.22845	0.31804	0.00000	0.0000	0.2917	0.0000	1.0000	0	35
0.25377	0.22845	0.30841	0.00000	0.0000	0.2417	0.0000	1.0000	0	29
0.25194	0.22533	0.30841	0.00000	0.0000	0.2583	0.0000	1.0000	0	31
0.24804	0.22533	0.30469	0.00000	0.0000	0.2417	0.0000	1.0000	0	29
0.24631	0.22117	0.30469	0.00000	0.0000	0.2583	0.0000	1.0000	0	31
0.24229	0.22117	0.27781	0.00000	0.0000	0.2417	0.0000	1.0000	0	29
0.23700	0.21782	0.27781	0.00000	0.0000	0.3083	0.0000	1.0000	0	37
0.23700	0.21782	0.27781	0.00000	0.0000	0.3083	0.0000	1.0000	0	37
0.23700	0.21782	0.27781	0.00000	0.0000	0.3083	0.0000	1.0000	0	37
0.23206	0.21782	0.27655	0.00000	0.0000	0.2750	0.0000	1.0000	0	33
0.23067	0.21782	0.25632	0.00000	0.0000	0.2667	0.0000	1.0000	0	32
0.22984	0.21782	0.25106	0.00000	0.0000	0.2583	0.0000	1.0000	0	31
0.22913	0.21782	0.24502	0.00000	0.0000	0.2500	0.0000	1.0000	0	30
0.22913	0.21782	0.24502	0.00000	0.0000	0.2500	0.0000	1.0000	0	30
0.22874	0.21707	0.24502	0.00000	0.0000	0.2583	0.0000	1.0000	0	31
0.22513	0.21637	0.23659	0.00000	0.0000	0.2833	0.0000	1.0000	0	34
0.22513	0.21637	0.23659	0.00000	0.0000	0.2833	0.0000	1.0000	0	34
0.22513	0.21637	0.23659	0.00000	0.0000	0.2833	0.0000	1.0000	0	34
0.22513	0.21637	0.23659	0.00000	0.0000	0.2833	0.0000	1.0000	0	34
0.22513	0.21637	0.23659	0.00000	0.0000	0.2833	0.0000	1.0000	0	34
0.22513	0.21637	0.23659	0.00000	0.0000	0.2833	0.0000	1.0000	0	34
0.22448	0.20267	0.23659	0.00000	0.0000	0.2917	0.0000	1.0000	0	35
0.22363	0.19385	0.23659	0.00000	0.0000	0.3000	0.0000	1.0000	0	36
0.21874	0.18540	0.23468	0.00000	0.0000	0.2417	0.0000	1.0000	0	29
0.21494	0.18477	0.23117	0.00000	0.0000	0.2583	0.0000	1.0000	0	31
0.21440	0.18477	0.23060	0.00000	0.0000	0.2500	0.0000	1.0000	0	30
0.21384	0.18477	0.22851	0.00000	0.0000	0.2417	0.0000	1.0000	0	29
0.21106	0.18419	0.22851	0.00000	0.0000	0.2667	0.0000	1.0000	0	32
0.21106	0.18419	0.22851	0.00000	0.0000	0.2667	0.0000	1.0000	0	32
0.21106	0.18419	0.22851	0.00000	0.0000	0.2667	0.0000	1.0000	0	32
0.20771	0.18338	0.22533	0.00000	0.0000	0.2417	0.0000	1.0000	0	29
0.20581	0.17833	0.22533	0.00000	0.0000	0.2583	0.0000	1.0000	0	31
0.20446	0.17833	0.22123	0.00000	0.0000	0.2417	0.0000	1.0000	0	29
0.20358	0.17801	0.22123	0.00000	0.0000	0.2500	0.0000	1.0000	0	30
0.20143	0.17634	0.21787	0.00000	0.0000	0.2417	0.0000	1.0000	0	29
0.20055	0.17514	0.21787	0.00000	0.0000	0.2500	0.0000	1.0000	0	30
0.19968	0.17341	0.21787	0.00000	0.0000	0.2583	0.0000	1.0000	0	31
0.19884	0.17305	0.21787	0.00000	0.0000	0.2667	0.0000	1.0000	0	32
0.19640	0.17029	0.21787	0.00000	0.0000	0.2917	0.0000	1.0000	0	35
0.19640	0.17029	0.21787	0.00000	0.0000	0.2917	0.0000	1.0000	0	35
0.19640	0.17029	0.21787	0.00000	0.0000	0.2917	0.0000	1.0000	0	35
0.19554	0.16537	0.21787	0.00000	0.0000	0.3000	0.0000	1.0000	0	36
0.18822	0.16183	0.21707	0.00000	0.0000	0.2417	0.0000	1.0000	0	29
0.18620	0.15859	0.21637	0.00000	0.0000	0.2417	0.0000	1.0000	0	29
0.18375	0.14825	0.21637	0.00000	0.0000	0.2583	0.0000	1.0000	0	31
0.18375	0.14825	0.21637	0.00000	0.0000	0.2583	0.0000	1.0000	0	31
0.18254	0.14496	0.21637	0.00000	0.0000	0.2667	0.0000	1.0000	0	32
0.18126	0.14023	0.21637	0.00000	0.0000	0.2750	0.0000	1.0000	0	33
