Score	Lower bound	Upper bound	Likelihood	TPR	FPR	PPV	FDR	No. positives	No. negatives
0.24336	0.08423	0.52116	2.495	0.875	0.351	0.013	0.987	7	531
0.24255	0.08359	0.51816	2.495	0.875	0.351	0.013	0.987	7	531
0.24174	0.08339	0.51799	2.495	0.875	0.351	0.013	0.987	7	531
0.24093	0.08315	0.51748	2.495	0.875	0.351	0.013	0.987	7	531
0.24012	0.08259	0.51623	2.495	0.875	0.351	0.013	0.987	7	531
0.23169	0.07720	0.51269	2.374	0.875	0.369	0.012	0.988	7	558
0.21454	0.07452	0.48752	2.080	0.750	0.361	0.011	0.989	6	546
0.20671	0.07368	0.45872	1.762	0.625	0.355	0.009	0.991	5	537
0.20433	0.07306	0.45500	1.759	0.625	0.355	0.009	0.991	5	538
0.18918	0.06340	0.45339	1.588	0.625	0.394	0.008	0.992	5	596
0.16202	0.06285	0.36790	1.404	0.500	0.356	0.007	0.993	4	539
0.15832	0.06075	0.36282	1.392	0.500	0.359	0.007	0.993	4	544
0.15049	0.05828	0.35502	1.364	0.500	0.367	0.007	0.993	4	555
0.13110	0.04812	0.34241	1.225	0.500	0.408	0.006	0.994	4	618
0.09762	0.03669	0.24001	0.901	0.375	0.416	0.005	0.995	3	630
0.07804	0.03296	0.16548	0.668	0.250	0.375	0.004	0.996	2	567
0.07351	0.03296	0.14763	0.352	0.125	0.355	0.002	0.998	1	537
0.07329	0.03255	0.14583	0.352	0.125	0.355	0.002	0.998	1	537
0.07293	0.03232	0.14565	0.351	0.125	0.356	0.002	0.998	1	539
0.07272	0.03225	0.14523	0.351	0.125	0.356	0.002	0.998	1	539
0.04834	0.00618	0.14500	0.199	0.125	0.628	0.001	0.999	1	951
0.02210	0.00618	0.04802	0.000	0.000	0.357	0.000	1.000	0	540
0.02205	0.00618	0.04793	0.000	0.000	0.356	0.000	1.000	0	539
0.02178	0.00595	0.04751	0.000	0.000	0.359	0.000	1.000	0	543
0.02173	0.00595	0.04735	0.000	0.000	0.358	0.000	1.000	0	542
0.02165	0.00591	0.04723	0.000	0.000	0.358	0.000	1.000	0	542
0.02155	0.00589	0.04692	0.000	0.000	0.359	0.000	1.000	0	543
0.02155	0.00589	0.04692	0.000	0.000	0.359	0.000	1.000	0	543
0.02152	0.00586	0.04692	0.000	0.000	0.359	0.000	1.000	0	544
0.02132	0.00585	0.04659	0.000	0.000	0.359	0.000	1.000	0	543
0.02129	0.00580	0.04659	0.000	0.000	0.359	0.000	1.000	0	544
0.02120	0.00580	0.04627	0.000	0.000	0.358	0.000	1.000	0	542
0.02113	0.00577	0.04613	0.000	0.000	0.358	0.000	1.000	0	542
0.02108	0.00577	0.04596	0.000	0.000	0.357	0.000	1.000	0	541
0.02108	0.00577	0.04596	0.000	0.000	0.357	0.000	1.000	0	541
0.02108	0.00577	0.04596	0.000	0.000	0.357	0.000	1.000	0	541
0.02088	0.00569	0.04566	0.000	0.000	0.357	0.000	1.000	0	540
0.02075	0.00561	0.04553	0.000	0.000	0.358	0.000	1.000	0	542
0.02071	0.00561	0.04540	0.000	0.000	0.357	0.000	1.000	0	541
0.02066	0.00561	0.04506	0.000	0.000	0.357	0.000	1.000	0	540
0.02066	0.00561	0.04506	0.000	0.000	0.357	0.000	1.000	0	540
0.02062	0.00561	0.04502	0.000	0.000	0.356	0.000	1.000	0	539
0.02047	0.00546	0.04465	0.000	0.000	0.356	0.000	1.000	0	539
0.02044	0.00539	0.04465	0.000	0.000	0.357	0.000	1.000	0	540
0.02030	0.00530	0.04439	0.000	0.000	0.357	0.000	1.000	0	540
0.02014	0.00522	0.04416	0.000	0.000	0.359	0.000	1.000	0	543
0.02010	0.00522	0.04405	0.000	0.000	0.358	0.000	1.000	0	542
0.02003	0.00518	0.04365	0.000	0.000	0.358	0.000	1.000	0	542
0.02000	0.00517	0.04365	0.000	0.000	0.359	0.000	1.000	0	543
0.01991	0.00517	0.04329	0.000	0.000	0.357	0.000	1.000	0	541
0.01987	0.00517	0.04302	0.000	0.000	0.357	0.000	1.000	0	540
0.01980	0.00510	0.04283	0.000	0.000	0.357	0.000	1.000	0	540
0.01976	0.00510	0.04271	0.000	0.000	0.356	0.000	1.000	0	539
0.01973	0.00502	0.04271	0.000	0.000	0.357	0.000	1.000	0	540
0.01965	0.00492	0.04271	0.000	0.000	0.359	0.000	1.000	0	543
0.01944	0.00485	0.04255	0.000	0.000	0.359	0.000	1.000	0	543
0.01944	0.00485	0.04255	0.000	0.000	0.359	0.000	1.000	0	543
0.01935	0.00485	0.04238	0.000	0.000	0.357	0.000	1.000	0	541
0.01931	0.00485	0.04209	0.000	0.000	0.357	0.000	1.000	0	540
0.01927	0.00485	0.04194	0.000	0.000	0.356	0.000	1.000	0	539
0.01920	0.00477	0.04181	0.000	0.000	0.356	0.000	1.000	0	539
0.01914	0.00468	0.04181	0.000	0.000	0.357	0.000	1.000	0	541
0.01903	0.00465	0.04111	0.000	0.000	0.357	0.000	1.000	0	540
0.01898	0.00458	0.04111	0.000	0.000	0.358	0.000	1.000	0	542
0.01887	0.00456	0.04089	0.000	0.000	0.357	0.000	1.000	0	541
0.01882	0.00449	0.04089	0.000	0.000	0.359	0.000	1.000	0	543
0.01878	0.00449	0.04084	0.000	0.000	0.358	0.000	1.000	0	542
0.01874	0.00449	0.04078	0.000	0.000	0.357	0.000	1.000	0	541
0.01874	0.00449	0.04078	0.000	0.000	0.357	0.000	1.000	0	541
0.01859	0.00440	0.04033	0.000	0.000	0.356	0.000	1.000	0	539
0.01844	0.00431	0.04021	0.000	0.000	0.358	0.000	1.000	0	542
0.01844	0.00431	0.04021	0.000	0.000	0.358	0.000	1.000	0	542
0.01844	0.00431	0.04021	0.000	0.000	0.358	0.000	1.000	0	542
0.01840	0.00431	0.04017	0.000	0.000	0.357	0.000	1.000	0	541
0.01838	0.00422	0.04017	0.000	0.000	0.358	0.000	1.000	0	542
0.01822	0.00422	0.03985	0.000	0.000	0.355	0.000	1.000	0	538
0.01797	0.00401	0.03975	0.000	0.000	0.360	0.000	1.000	0	545
0.01787	0.00397	0.03975	0.000	0.000	0.363	0.000	1.000	0	549
0.01779	0.00397	0.03961	0.000	0.000	0.361	0.000	1.000	0	547
0.01775	0.00397	0.03934	0.000	0.000	0.361	0.000	1.000	0	546
0.01770	0.00394	0.03934	0.000	0.000	0.362	0.000	1.000	0	548
0.01767	0.00392	0.03934	0.000	0.000	0.363	0.000	1.000	0	549
0.01767	0.00392	0.03934	0.000	0.000	0.363	0.000	1.000	0	549
0.01767	0.00392	0.03934	0.000	0.000	0.363	0.000	1.000	0	549
0.01747	0.00392	0.03888	0.000	0.000	0.359	0.000	1.000	0	544
0.01745	0.00390	0.03888	0.000	0.000	0.360	0.000	1.000	0	545
0.01737	0.00390	0.03870	0.000	0.000	0.359	0.000	1.000	0	543
0.01737	0.00390	0.03870	0.000	0.000	0.359	0.000	1.000	0	543
0.01734	0.00386	0.03870	0.000	0.000	0.359	0.000	1.000	0	544
0.01732	0.00384	0.03870	0.000	0.000	0.360	0.000	1.000	0	545
0.01716	0.00384	0.03853	0.000	0.000	0.357	0.000	1.000	0	541
0.01716	0.00384	0.03853	0.000	0.000	0.357	0.000	1.000	0	541
0.01712	0.00384	0.03852	0.000	0.000	0.357	0.000	1.000	0	540
0.01702	0.00375	0.03828	0.000	0.000	0.356	0.000	1.000	0	539
0.01697	0.00369	0.03828	0.000	0.000	0.357	0.000	1.000	0	541
0.01686	0.00364	0.03807	0.000	0.000	0.357	0.000	1.000	0	540
0.01684	0.00361	0.03807	0.000	0.000	0.357	0.000	1.000	0	541
0.01671	0.00355	0.03789	0.000	0.000	0.357	0.000	1.000	0	541
0.01669	0.00351	0.03789	0.000	0.000	0.358	0.000	1.000	0	542
0.01664	0.00347	0.03789	0.000	0.000	0.359	0.000	1.000	0	544
0.01656	0.00347	0.03783	0.000	0.000	0.358	0.000	1.000	0	542
0.01645	0.00342	0.03778	0.000	0.000	0.359	0.000	1.000	0	544
0.01642	0.00340	0.03778	0.000	0.000	0.360	0.000	1.000	0	545
0.01631	0.00340	0.03753	0.000	0.000	0.358	0.000	1.000	0	542
0.01627	0.00340	0.03731	0.000	0.000	0.357	0.000	1.000	0	541
0.01627	0.00340	0.03731	0.000	0.000	0.357	0.000	1.000	0	541
0.01624	0.00332	0.03731	0.000	0.000	0.358	0.000	1.000	0	542
0.01620	0.00332	0.03724	0.000	0.000	0.357	0.000	1.000	0	541
0.01597	0.00328	0.03698	0.000	0.000	0.359	0.000	1.000	0	543
0.01593	0.00328	0.03679	0.000	0.000	0.358	0.000	1.000	0	542
0.01591	0.00318	0.03679	0.000	0.000	0.359	0.000	1.000	0	543
0.01587	0.00318	0.03669	0.000	0.000	0.358	0.000	1.000	0	542
0.01583	0.00318	0.03660	0.000	0.000	0.357	0.000	1.000	0	541
0.01579	0.00318	0.03659	0.000	0.000	0.357	0.000	1.000	0	540
0.01562	0.00308	0.03637	0.000	0.000	0.358	0.000	1.000	0	542
0.01560	0.00307	0.03637	0.000	0.000	0.359	0.000	1.000	0	543
0.01556	0.00307	0.03632	0.000	0.000	0.358	0.000	1.000	0	542
0.01550	0.00302	0.03624	0.000	0.000	0.358	0.000	1.000	0	542
0.01540	0.00299	0.03607	0.000	0.000	0.357	0.000	1.000	0	541
0.01534	0.00298	0.03595	0.000	0.000	0.357	0.000	1.000	0	541
0.01529	0.00293	0.03595	0.000	0.000	0.359	0.000	1.000	0	543
0.01519	0.00290	0.03556	0.000	0.000	0.358	0.000	1.000	0	542
0.01515	0.00288	0.03556	0.000	0.000	0.359	0.000	1.000	0	544
0.01501	0.00287	0.03534	0.000	0.000	0.360	0.000	1.000	0	545
0.01498	0.00285	0.03534	0.000	0.000	0.361	0.000	1.000	0	546
0.01489	0.00280	0.03518	0.000	0.000	0.360	0.000	1.000	0	545
0.01481	0.00278	0.03505	0.000	0.000	0.361	0.000	1.000	0	546
0.01477	0.00278	0.03495	0.000	0.000	0.360	0.000	1.000	0	545
0.01477	0.00278	0.03495	0.000	0.000	0.360	0.000	1.000	0	545
0.01473	0.00278	0.03494	0.000	0.000	0.359	0.000	1.000	0	544
0.01466	0.00278	0.03448	0.000	0.000	0.358	0.000	1.000	0	542
0.01466	0.00278	0.03448	0.000	0.000	0.358	0.000	1.000	0	542
0.01457	0.00271	0.03448	0.000	0.000	0.361	0.000	1.000	0	546
0.01446	0.00271	0.03427	0.000	0.000	0.359	0.000	1.000	0	543
0.01442	0.00271	0.03400	0.000	0.000	0.358	0.000	1.000	0	542
0.01434	0.00267	0.03337	0.000	0.000	0.359	0.000	1.000	0	543
0.01434	0.00267	0.03337	0.000	0.000	0.359	0.000	1.000	0	543
0.01427	0.00267	0.03322	0.000	0.000	0.357	0.000	1.000	0	541
0.01422	0.00263	0.03311	0.000	0.000	0.357	0.000	1.000	0	541
0.01415	0.00259	0.03311	0.000	0.000	0.359	0.000	1.000	0	544
0.01412	0.00259	0.03302	0.000	0.000	0.359	0.000	1.000	0	543
0.01410	0.00256	0.03302	0.000	0.000	0.359	0.000	1.000	0	544
0.01397	0.00251	0.03255	0.000	0.000	0.358	0.000	1.000	0	542
0.01394	0.00251	0.03238	0.000	0.000	0.357	0.000	1.000	0	541
0.01394	0.00251	0.03238	0.000	0.000	0.357	0.000	1.000	0	541
0.01392	0.00247	0.03238	0.000	0.000	0.358	0.000	1.000	0	542
0.01386	0.00243	0.03234	0.000	0.000	0.358	0.000	1.000	0	542
0.01376	0.00243	0.03211	0.000	0.000	0.356	0.000	1.000	0	539
0.01372	0.00243	0.03198	0.000	0.000	0.355	0.000	1.000	0	538
0.01364	0.00228	0.03198	0.000	0.000	0.358	0.000	1.000	0	542
0.01364	0.00228	0.03198	0.000	0.000	0.358	0.000	1.000	0	542
0.01360	0.00220	0.03198	0.000	0.000	0.359	0.000	1.000	0	544
0.01345	0.00219	0.03189	0.000	0.000	0.359	0.000	1.000	0	543
0.01330	0.00211	0.03181	0.000	0.000	0.362	0.000	1.000	0	548
0.01324	0.00210	0.03172	0.000	0.000	0.362	0.000	1.000	0	548
0.01317	0.00210	0.03151	0.000	0.000	0.361	0.000	1.000	0	546
0.01317	0.00210	0.03151	0.000	0.000	0.361	0.000	1.000	0	546
0.01309	0.00208	0.03079	0.000	0.000	0.360	0.000	1.000	0	545
0.01307	0.00207	0.03079	0.000	0.000	0.361	0.000	1.000	0	546
0.01307	0.00207	0.03079	0.000	0.000	0.361	0.000	1.000	0	546
0.01299	0.00204	0.03076	0.000	0.000	0.361	0.000	1.000	0	547
0.01297	0.00202	0.03076	0.000	0.000	0.362	0.000	1.000	0	548
0.01292	0.00201	0.03070	0.000	0.000	0.362	0.000	1.000	0	548
0.01290	0.00201	0.03070	0.000	0.000	0.363	0.000	1.000	0	549
0.01279	0.00198	0.03068	0.000	0.000	0.365	0.000	1.000	0	552
0.01263	0.00198	0.03039	0.000	0.000	0.361	0.000	1.000	0	547
0.01257	0.00195	0.03023	0.000	0.000	0.361	0.000	1.000	0	547
0.01257	0.00195	0.03023	0.000	0.000	0.361	0.000	1.000	0	547
0.01254	0.00192	0.03023	0.000	0.000	0.363	0.000	1.000	0	549
0.01254	0.00192	0.03023	0.000	0.000	0.363	0.000	1.000	0	549
0.01237	0.00191	0.03003	0.000	0.000	0.361	0.000	1.000	0	547
0.01237	0.00191	0.03003	0.000	0.000	0.361	0.000	1.000	0	547
0.01230	0.00191	0.02980	0.000	0.000	0.360	0.000	1.000	0	545
0.01225	0.00190	0.02968	0.000	0.000	0.360	0.000	1.000	0	545
0.01223	0.00189	0.02968	0.000	0.000	0.361	0.000	1.000	0	546
0.01216	0.00186	0.02968	0.000	0.000	0.363	0.000	1.000	0	550
0.01213	0.00186	0.02960	0.000	0.000	0.363	0.000	1.000	0	549
0.01207	0.00183	0.02960	0.000	0.000	0.365	0.000	1.000	0	552
0.01207	0.00183	0.02960	0.000	0.000	0.365	0.000	1.000	0	552
0.01201	0.00183	0.02958	0.000	0.000	0.363	0.000	1.000	0	550
0.01191	0.00180	0.02951	0.000	0.000	0.363	0.000	1.000	0	550
0.01181	0.00180	0.02934	0.000	0.000	0.361	0.000	1.000	0	547
0.01178	0.00180	0.02920	0.000	0.000	0.361	0.000	1.000	0	546
0.01176	0.00177	0.02920	0.000	0.000	0.361	0.000	1.000	0	547
0.01176	0.00177	0.02920	0.000	0.000	0.361	0.000	1.000	0	547
0.01166	0.00177	0.02902	0.000	0.000	0.359	0.000	1.000	0	544
0.01166	0.00177	0.02902	0.000	0.000	0.359	0.000	1.000	0	544
0.01160	0.00177	0.02885	0.000	0.000	0.358	0.000	1.000	0	542
0.01160	0.00177	0.02885	0.000	0.000	0.358	0.000	1.000	0	542
0.01158	0.00172	0.02885	0.000	0.000	0.359	0.000	1.000	0	543
0.01148	0.00172	0.02828	0.000	0.000	0.357	0.000	1.000	0	540
0.01142	0.00169	0.02809	0.000	0.000	0.357	0.000	1.000	0	541
0.01128	0.00164	0.02797	0.000	0.000	0.361	0.000	1.000	0	546
0.01126	0.00161	0.02797	0.000	0.000	0.361	0.000	1.000	0	547
0.01120	0.00161	0.02775	0.000	0.000	0.360	0.000	1.000	0	545
0.01118	0.00158	0.02775	0.000	0.000	0.361	0.000	1.000	0	546
0.01112	0.00158	0.02751	0.000	0.000	0.359	0.000	1.000	0	544
0.01112	0.00158	0.02751	0.000	0.000	0.359	0.000	1.000	0	544
0.01107	0.00156	0.02745	0.000	0.000	0.359	0.000	1.000	0	544
0.01101	0.00156	0.02722	0.000	0.000	0.358	0.000	1.000	0	542
0.01098	0.00156	0.02700	0.000	0.000	0.357	0.000	1.000	0	541
0.01095	0.00151	0.02700	0.000	0.000	0.359	0.000	1.000	0	543
0.01087	0.00148	0.02672	0.000	0.000	0.358	0.000	1.000	0	542
0.01087	0.00148	0.02672	0.000	0.000	0.358	0.000	1.000	0	542
0.01078	0.00143	0.02629	0.000	0.000	0.358	0.000	1.000	0	542
0.01076	0.00142	0.02629	0.000	0.000	0.359	0.000	1.000	0	543
0.01067	0.00140	0.02614	0.000	0.000	0.359	0.000	1.000	0	543
0.01062	0.00138	0.02604	0.000	0.000	0.359	0.000	1.000	0	543
0.01062	0.00138	0.02604	0.000	0.000	0.359	0.000	1.000	0	543
0.01062	0.00138	0.02604	0.000	0.000	0.359	0.000	1.000	0	543
0.01054	0.00138	0.02584	0.000	0.000	0.357	0.000	1.000	0	540
0.01051	0.00130	0.02584	0.000	0.000	0.358	0.000	1.000	0	542
0.01043	0.00130	0.02558	0.000	0.000	0.357	0.000	1.000	0	541
0.01034	0.00121	0.02544	0.000	0.000	0.359	0.000	1.000	0	544
0.01029	0.00120	0.02506	0.000	0.000	0.359	0.000	1.000	0	544
0.01025	0.00120	0.02470	0.000	0.000	0.359	0.000	1.000	0	544
0.01023	0.00119	0.02470	0.000	0.000	0.360	0.000	1.000	0	545
0.01023	0.00119	0.02470	0.000	0.000	0.360	0.000	1.000	0	545
0.01020	0.00119	0.02467	0.000	0.000	0.359	0.000	1.000	0	544
0.01013	0.00114	0.02458	0.000	0.000	0.359	0.000	1.000	0	543
0.01013	0.00114	0.02458	0.000	0.000	0.359	0.000	1.000	0	543
0.01013	0.00114	0.02458	0.000	0.000	0.359	0.000	1.000	0	543
0.01003	0.00114	0.02437	0.000	0.000	0.356	0.000	1.000	0	539
0.00998	0.00104	0.02437	0.000	0.000	0.358	0.000	1.000	0	542
0.00996	0.00101	0.02437	0.000	0.000	0.359	0.000	1.000	0	543
0.00987	0.00097	0.02406	0.000	0.000	0.357	0.000	1.000	0	541
0.00987	0.00097	0.02406	0.000	0.000	0.357	0.000	1.000	0	541
0.00980	0.00091	0.02393	0.000	0.000	0.357	0.000	1.000	0	540
0.00977	0.00091	0.02376	0.000	0.000	0.356	0.000	1.000	0	539
0.00977	0.00091	0.02376	0.000	0.000	0.356	0.000	1.000	0	539
0.00970	0.00068	0.02359	0.000	0.000	0.355	0.000	1.000	0	538
