Score	Lower bound	Upper bound	Likelihood	TPR	FPR	PPV	FDR	No. positives	No. negatives
0.12104	0.08512	0.13917	2.818	0.889	0.315	0.078	0.922	8	94
0.12068	0.08389	0.13917	2.788	0.889	0.319	0.078	0.922	8	95
0.12028	0.07907	0.13917	2.759	0.889	0.322	0.077	0.923	8	96
0.11988	0.07831	0.13917	2.731	0.889	0.326	0.076	0.924	8	97
0.11947	0.07728	0.13917	2.703	0.889	0.329	0.075	0.925	8	98
0.11906	0.07479	0.13917	2.676	0.889	0.332	0.075	0.925	8	99
0.11861	0.07121	0.13917	2.649	0.889	0.336	0.074	0.926	8	100
0.11817	0.07017	0.13917	2.623	0.889	0.339	0.073	0.927	8	101
0.11772	0.06887	0.13917	2.597	0.889	0.342	0.073	0.927	8	102
0.11728	0.06853	0.13917	2.572	0.889	0.346	0.072	0.928	8	103
0.11684	0.06826	0.13917	2.547	0.889	0.349	0.071	0.929	8	104
0.10977	0.04548	0.13917	2.525	1.000	0.396	0.071	0.929	9	118
0.09981	0.04025	0.13814	2.318	0.778	0.336	0.065	0.935	7	100
0.09249	0.03270	0.13681	2.250	0.778	0.346	0.064	0.936	7	103
0.08070	0.02276	0.13279	1.491	0.556	0.372	0.043	0.957	5	111
0.07327	0.02117	0.11994	1.351	0.444	0.329	0.039	0.961	4	98
0.06843	0.01724	0.11805	1.249	0.444	0.356	0.036	0.964	4	106
0.05924	0.01117	0.11258	1.226	0.444	0.362	0.036	0.964	4	108
0.05321	0.01099	0.10945	1.003	0.333	0.332	0.029	0.971	3	99
0.05224	0.01076	0.10747	1.003	0.333	0.332	0.029	0.971	3	99
0.05129	0.01054	0.10701	1.003	0.333	0.332	0.029	0.971	3	99
0.05033	0.00935	0.10668	1.003	0.333	0.332	0.029	0.971	3	99
0.04938	0.00920	0.10604	1.003	0.333	0.332	0.029	0.971	3	99
0.04843	0.00904	0.10500	1.003	0.333	0.332	0.029	0.971	3	99
0.04748	0.00872	0.10305	1.003	0.333	0.332	0.029	0.971	3	99
0.04618	0.00847	0.10116	0.993	0.333	0.336	0.029	0.971	3	100
0.04528	0.00840	0.09933	0.656	0.222	0.339	0.019	0.981	2	101
0.04458	0.00801	0.09933	0.643	0.222	0.346	0.019	0.981	2	103
0.03441	0.00319	0.09704	0.526	0.222	0.423	0.016	0.984	2	126
0.02001	0.00243	0.06558	0.285	0.111	0.389	0.009	0.991	1	116
0.01538	0.00243	0.04548	0.000	0.000	0.349	0.000	1.000	0	104
0.01439	0.00235	0.04484	0.000	0.000	0.366	0.000	1.000	0	109
0.01411	0.00235	0.04346	0.000	0.000	0.362	0.000	1.000	0	108
0.01362	0.00230	0.04265	0.000	0.000	0.366	0.000	1.000	0	109
0.01325	0.00227	0.04080	0.000	0.000	0.366	0.000	1.000	0	109
0.01300	0.00227	0.04025	0.000	0.000	0.362	0.000	1.000	0	108
0.01274	0.00227	0.03946	0.000	0.000	0.359	0.000	1.000	0	107
0.01249	0.00227	0.03726	0.000	0.000	0.356	0.000	1.000	0	106
0.01225	0.00227	0.03681	0.000	0.000	0.352	0.000	1.000	0	105
0.01157	0.00221	0.03653	0.000	0.000	0.366	0.000	1.000	0	109
0.01134	0.00221	0.03473	0.000	0.000	0.362	0.000	1.000	0	108
0.01134	0.00221	0.03473	0.000	0.000	0.362	0.000	1.000	0	108
0.01090	0.00221	0.03339	0.000	0.000	0.356	0.000	1.000	0	106
0.01068	0.00221	0.03325	0.000	0.000	0.352	0.000	1.000	0	105
0.01039	0.00213	0.03270	0.000	0.000	0.352	0.000	1.000	0	105
0.01017	0.00213	0.03174	0.000	0.000	0.349	0.000	1.000	0	104
0.00996	0.00213	0.03118	0.000	0.000	0.346	0.000	1.000	0	103
0.00953	0.00205	0.03062	0.000	0.000	0.352	0.000	1.000	0	105
0.00953	0.00205	0.03062	0.000	0.000	0.352	0.000	1.000	0	105
0.00899	0.00196	0.03033	0.000	0.000	0.352	0.000	1.000	0	105
0.00878	0.00196	0.03004	0.000	0.000	0.349	0.000	1.000	0	104
0.00845	0.00188	0.02747	0.000	0.000	0.352	0.000	1.000	0	105
0.00821	0.00187	0.02713	0.000	0.000	0.352	0.000	1.000	0	105
0.00780	0.00183	0.02468	0.000	0.000	0.362	0.000	1.000	0	108
0.00748	0.00180	0.02457	0.000	0.000	0.369	0.000	1.000	0	110
0.00727	0.00178	0.02436	0.000	0.000	0.369	0.000	1.000	0	110
0.00727	0.00178	0.02436	0.000	0.000	0.369	0.000	1.000	0	110
0.00712	0.00178	0.02430	0.000	0.000	0.366	0.000	1.000	0	109
0.00679	0.00178	0.02412	0.000	0.000	0.359	0.000	1.000	0	107
0.00659	0.00173	0.02276	0.000	0.000	0.359	0.000	1.000	0	107
0.00503	0.00173	0.02117	0.000	0.000	0.507	0.000	1.000	0	151
0.00492	0.00173	0.02085	0.000	0.000	0.503	0.000	1.000	0	150
0.00482	0.00173	0.02057	0.000	0.000	0.500	0.000	1.000	0	149
0.00471	0.00173	0.02019	0.000	0.000	0.497	0.000	1.000	0	148
0.00471	0.00173	0.02019	0.000	0.000	0.497	0.000	1.000	0	148
0.00450	0.00173	0.01903	0.000	0.000	0.490	0.000	1.000	0	146
0.00440	0.00173	0.01882	0.000	0.000	0.487	0.000	1.000	0	145
0.00430	0.00173	0.01852	0.000	0.000	0.483	0.000	1.000	0	144
0.00420	0.00173	0.01795	0.000	0.000	0.480	0.000	1.000	0	143
0.00410	0.00173	0.01724	0.000	0.000	0.477	0.000	1.000	0	142
0.00401	0.00173	0.01701	0.000	0.000	0.473	0.000	1.000	0	141
0.00392	0.00173	0.01615	0.000	0.000	0.470	0.000	1.000	0	140
0.00383	0.00173	0.01548	0.000	0.000	0.466	0.000	1.000	0	139
0.00374	0.00173	0.01513	0.000	0.000	0.463	0.000	1.000	0	138
0.00366	0.00173	0.01463	0.000	0.000	0.460	0.000	1.000	0	137
0.00366	0.00173	0.01463	0.000	0.000	0.460	0.000	1.000	0	137
0.00350	0.00173	0.01393	0.000	0.000	0.453	0.000	1.000	0	135
0.00342	0.00173	0.01383	0.000	0.000	0.450	0.000	1.000	0	134
0.00334	0.00173	0.01139	0.000	0.000	0.446	0.000	1.000	0	133
0.00334	0.00173	0.01139	0.000	0.000	0.446	0.000	1.000	0	133
0.00322	0.00173	0.01117	0.000	0.000	0.440	0.000	1.000	0	131
0.00316	0.00173	0.01099	0.000	0.000	0.436	0.000	1.000	0	130
0.00310	0.00173	0.01076	0.000	0.000	0.433	0.000	1.000	0	129
0.00304	0.00173	0.01054	0.000	0.000	0.430	0.000	1.000	0	128
0.00298	0.00173	0.00935	0.000	0.000	0.426	0.000	1.000	0	127
0.00293	0.00173	0.00920	0.000	0.000	0.423	0.000	1.000	0	126
0.00288	0.00173	0.00904	0.000	0.000	0.419	0.000	1.000	0	125
0.00283	0.00173	0.00872	0.000	0.000	0.416	0.000	1.000	0	124
0.00278	0.00173	0.00856	0.000	0.000	0.413	0.000	1.000	0	123
0.00278	0.00173	0.00856	0.000	0.000	0.413	0.000	1.000	0	123
0.00273	0.00173	0.00847	0.000	0.000	0.409	0.000	1.000	0	122
0.00264	0.00173	0.00816	0.000	0.000	0.403	0.000	1.000	0	120
0.00259	0.00173	0.00801	0.000	0.000	0.399	0.000	1.000	0	119
0.00255	0.00173	0.00782	0.000	0.000	0.396	0.000	1.000	0	118
0.00250	0.00173	0.00737	0.000	0.000	0.393	0.000	1.000	0	117
0.00246	0.00173	0.00627	0.000	0.000	0.389	0.000	1.000	0	116
0.00243	0.00173	0.00580	0.000	0.000	0.386	0.000	1.000	0	115
0.00240	0.00173	0.00543	0.000	0.000	0.383	0.000	1.000	0	114
0.00240	0.00173	0.00543	0.000	0.000	0.383	0.000	1.000	0	114
0.00237	0.00173	0.00533	0.000	0.000	0.379	0.000	1.000	0	113
0.00237	0.00173	0.00533	0.000	0.000	0.379	0.000	1.000	0	113
0.00229	0.00173	0.00474	0.000	0.000	0.369	0.000	1.000	0	110
0.00227	0.00173	0.00436	0.000	0.000	0.366	0.000	1.000	0	109
0.00227	0.00173	0.00436	0.000	0.000	0.366	0.000	1.000	0	109
0.00223	0.00173	0.00418	0.000	0.000	0.359	0.000	1.000	0	107
0.00221	0.00173	0.00400	0.000	0.000	0.356	0.000	1.000	0	106
0.00221	0.00173	0.00400	0.000	0.000	0.356	0.000	1.000	0	106
0.00218	0.00173	0.00385	0.000	0.000	0.349	0.000	1.000	0	104
0.00218	0.00173	0.00385	0.000	0.000	0.349	0.000	1.000	0	104
0.00214	0.00173	0.00356	0.000	0.000	0.342	0.000	1.000	0	102
