Score	Lower bound	Upper bound	Likelihood	TPR	FPR	PPV	FDR	No. positives	No. negatives
0.35385	0.27232	0.44180	1.905	1.000	0.525	0.076	0.924	19	232
0.30368	0.27232	0.32415	0.222	0.053	0.238	0.009	0.991	1	105
0.30368	0.27232	0.32415	0.222	0.053	0.238	0.009	0.991	1	105
0.30121	0.27208	0.32415	0.204	0.053	0.258	0.009	0.991	1	114
0.29634	0.26524	0.32415	0.174	0.053	0.303	0.007	0.993	1	134
0.28908	0.26524	0.31913	0.000	0.000	0.238	0.000	1.000	0	105
0.28861	0.26415	0.31913	0.000	0.000	0.242	0.000	1.000	0	107
0.28861	0.26415	0.31913	0.000	0.000	0.242	0.000	1.000	0	107
0.28750	0.26378	0.31913	0.000	0.000	0.253	0.000	1.000	0	112
0.28750	0.26378	0.31913	0.000	0.000	0.253	0.000	1.000	0	112
0.28602	0.26378	0.31761	0.000	0.000	0.242	0.000	1.000	0	107
0.28602	0.26378	0.31761	0.000	0.000	0.242	0.000	1.000	0	107
0.28602	0.26378	0.31761	0.000	0.000	0.242	0.000	1.000	0	107
0.28491	0.26366	0.31653	0.000	0.000	0.238	0.000	1.000	0	105
0.28411	0.26323	0.31653	0.000	0.000	0.247	0.000	1.000	0	109
0.28351	0.26323	0.31591	0.000	0.000	0.242	0.000	1.000	0	107
0.28320	0.26323	0.31556	0.000	0.000	0.240	0.000	1.000	0	106
0.28289	0.26323	0.31506	0.000	0.000	0.238	0.000	1.000	0	105
0.28239	0.26267	0.31484	0.000	0.000	0.238	0.000	1.000	0	105
0.28165	0.26212	0.31484	0.000	0.000	0.247	0.000	1.000	0	109
0.28165	0.26212	0.31484	0.000	0.000	0.247	0.000	1.000	0	109
0.28071	0.26212	0.31263	0.000	0.000	0.240	0.000	1.000	0	106
0.28071	0.26212	0.31263	0.000	0.000	0.240	0.000	1.000	0	106
0.28053	0.26187	0.31263	0.000	0.000	0.242	0.000	1.000	0	107
0.28034	0.25963	0.31263	0.000	0.000	0.244	0.000	1.000	0	108
0.27890	0.25816	0.30966	0.000	0.000	0.238	0.000	1.000	0	105
0.27840	0.25717	0.30906	0.000	0.000	0.238	0.000	1.000	0	105
0.27800	0.25687	0.30906	0.000	0.000	0.242	0.000	1.000	0	107
0.27800	0.25687	0.30906	0.000	0.000	0.242	0.000	1.000	0	107
0.27779	0.25576	0.30906	0.000	0.000	0.244	0.000	1.000	0	108
0.27596	0.25410	0.30289	0.000	0.000	0.242	0.000	1.000	0	107
0.27596	0.25410	0.30289	0.000	0.000	0.242	0.000	1.000	0	107
0.27545	0.25410	0.30267	0.000	0.000	0.238	0.000	1.000	0	105
0.27524	0.25383	0.30267	0.000	0.000	0.240	0.000	1.000	0	106
0.27451	0.25328	0.30145	0.000	0.000	0.238	0.000	1.000	0	105
0.27404	0.25189	0.30127	0.000	0.000	0.238	0.000	1.000	0	105
0.27313	0.25071	0.30025	0.000	0.000	0.242	0.000	1.000	0	107
0.27287	0.25071	0.29965	0.000	0.000	0.240	0.000	1.000	0	106
0.27262	0.25071	0.29802	0.000	0.000	0.238	0.000	1.000	0	105
0.27220	0.25039	0.29802	0.000	0.000	0.242	0.000	1.000	0	107
0.27171	0.25039	0.29673	0.000	0.000	0.238	0.000	1.000	0	105
0.27151	0.24996	0.29673	0.000	0.000	0.240	0.000	1.000	0	106
0.27110	0.24983	0.29673	0.000	0.000	0.244	0.000	1.000	0	108
0.27037	0.24983	0.29521	0.000	0.000	0.238	0.000	1.000	0	105
0.26943	0.24958	0.29521	0.000	0.000	0.249	0.000	1.000	0	110
0.26943	0.24958	0.29521	0.000	0.000	0.249	0.000	1.000	0	110
0.26943	0.24958	0.29521	0.000	0.000	0.249	0.000	1.000	0	110
0.26845	0.24958	0.29463	0.000	0.000	0.240	0.000	1.000	0	106
0.26845	0.24958	0.29463	0.000	0.000	0.240	0.000	1.000	0	106
0.26809	0.24891	0.29463	0.000	0.000	0.244	0.000	1.000	0	108
0.26809	0.24891	0.29463	0.000	0.000	0.244	0.000	1.000	0	108
0.26688	0.24708	0.29314	0.000	0.000	0.238	0.000	1.000	0	105
0.26669	0.24640	0.29314	0.000	0.000	0.240	0.000	1.000	0	106
0.26630	0.24581	0.29314	0.000	0.000	0.244	0.000	1.000	0	108
0.26553	0.24581	0.28959	0.000	0.000	0.238	0.000	1.000	0	105
0.26511	0.24498	0.28762	0.000	0.000	0.238	0.000	1.000	0	105
0.26433	0.24466	0.28696	0.000	0.000	0.242	0.000	1.000	0	107
0.26433	0.24466	0.28696	0.000	0.000	0.242	0.000	1.000	0	107
0.26390	0.24466	0.28578	0.000	0.000	0.238	0.000	1.000	0	105
0.26314	0.24415	0.28431	0.000	0.000	0.242	0.000	1.000	0	107
0.26294	0.24415	0.28303	0.000	0.000	0.240	0.000	1.000	0	106
0.26275	0.24415	0.28278	0.000	0.000	0.238	0.000	1.000	0	105
0.26213	0.24058	0.28278	0.000	0.000	0.244	0.000	1.000	0	108
0.26174	0.24058	0.28195	0.000	0.000	0.240	0.000	1.000	0	106
0.26155	0.24058	0.28111	0.000	0.000	0.238	0.000	1.000	0	105
0.26131	0.23593	0.28111	0.000	0.000	0.240	0.000	1.000	0	106
0.26080	0.23393	0.28111	0.000	0.000	0.244	0.000	1.000	0	108
0.26022	0.23393	0.27827	0.000	0.000	0.238	0.000	1.000	0	105
0.25979	0.23336	0.27622	0.000	0.000	0.238	0.000	1.000	0	105
0.25929	0.23308	0.27622	0.000	0.000	0.242	0.000	1.000	0	107
0.25929	0.23308	0.27622	0.000	0.000	0.242	0.000	1.000	0	107
0.25826	0.22984	0.27346	0.000	0.000	0.240	0.000	1.000	0	106
0.25826	0.22984	0.27346	0.000	0.000	0.240	0.000	1.000	0	106
0.25711	0.22756	0.27318	0.000	0.000	0.242	0.000	1.000	0	107
0.25696	0.22756	0.27280	0.000	0.000	0.240	0.000	1.000	0	106
0.25696	0.22756	0.27280	0.000	0.000	0.240	0.000	1.000	0	106
0.25637	0.22700	0.27254	0.000	0.000	0.238	0.000	1.000	0	105
0.25538	0.22645	0.27236	0.000	0.000	0.242	0.000	1.000	0	107
0.25538	0.22645	0.27236	0.000	0.000	0.242	0.000	1.000	0	107
0.25538	0.22645	0.27236	0.000	0.000	0.242	0.000	1.000	0	107
0.25482	0.22481	0.27236	0.000	0.000	0.247	0.000	1.000	0	109
0.25416	0.22481	0.27208	0.000	0.000	0.238	0.000	1.000	0	105
0.25388	0.22470	0.27208	0.000	0.000	0.240	0.000	1.000	0	106
0.25357	0.22120	0.27208	0.000	0.000	0.242	0.000	1.000	0	107
0.25324	0.21754	0.27208	0.000	0.000	0.244	0.000	1.000	0	108
0.25258	0.21692	0.27208	0.000	0.000	0.249	0.000	1.000	0	110
0.25258	0.21692	0.27208	0.000	0.000	0.249	0.000	1.000	0	110
0.25119	0.21292	0.27208	0.000	0.000	0.258	0.000	1.000	0	114
0.25119	0.21292	0.27208	0.000	0.000	0.258	0.000	1.000	0	114
0.25119	0.21292	0.27208	0.000	0.000	0.258	0.000	1.000	0	114
0.24940	0.21292	0.27152	0.000	0.000	0.238	0.000	1.000	0	105
0.24845	0.21014	0.27097	0.000	0.000	0.240	0.000	1.000	0	106
0.24823	0.21014	0.27044	0.000	0.000	0.238	0.000	1.000	0	105
0.24717	0.21003	0.27044	0.000	0.000	0.244	0.000	1.000	0	108
0.24717	0.21003	0.27044	0.000	0.000	0.244	0.000	1.000	0	108
0.24651	0.21003	0.27015	0.000	0.000	0.238	0.000	1.000	0	105
0.24587	0.20291	0.27002	0.000	0.000	0.238	0.000	1.000	0	105
0.24503	0.20123	0.27002	0.000	0.000	0.242	0.000	1.000	0	107
0.24456	0.20123	0.26987	0.000	0.000	0.238	0.000	1.000	0	105
0.24390	0.20094	0.26931	0.000	0.000	0.238	0.000	1.000	0	105
0.24349	0.20018	0.26931	0.000	0.000	0.240	0.000	1.000	0	106
0.24096	0.19875	0.26655	0.000	0.000	0.247	0.000	1.000	0	109
0.24096	0.19875	0.26655	0.000	0.000	0.247	0.000	1.000	0	109
0.24096	0.19875	0.26655	0.000	0.000	0.247	0.000	1.000	0	109
0.24024	0.19875	0.26627	0.000	0.000	0.240	0.000	1.000	0	106
0.24024	0.19875	0.26627	0.000	0.000	0.240	0.000	1.000	0	106
0.23816	0.19700	0.26592	0.000	0.000	0.244	0.000	1.000	0	108
0.23816	0.19700	0.26592	0.000	0.000	0.244	0.000	1.000	0	108
0.23763	0.19700	0.26524	0.000	0.000	0.240	0.000	1.000	0	106
0.23763	0.19700	0.26524	0.000	0.000	0.240	0.000	1.000	0	106
0.23671	0.19656	0.26415	0.000	0.000	0.238	0.000	1.000	0	105
0.23591	0.19355	0.26415	0.000	0.000	0.242	0.000	1.000	0	107
0.23537	0.19355	0.26378	0.000	0.000	0.238	0.000	1.000	0	105
0.23497	0.19303	0.26378	0.000	0.000	0.240	0.000	1.000	0	106
0.23236	0.19286	0.26378	0.000	0.000	0.256	0.000	1.000	0	113
0.23236	0.19286	0.26378	0.000	0.000	0.256	0.000	1.000	0	113
0.23236	0.19286	0.26378	0.000	0.000	0.256	0.000	1.000	0	113
0.23091	0.19286	0.26366	0.000	0.000	0.244	0.000	1.000	0	108
0.23060	0.19286	0.26323	0.000	0.000	0.242	0.000	1.000	0	107
0.23060	0.19286	0.26323	0.000	0.000	0.242	0.000	1.000	0	107
0.23060	0.19286	0.26323	0.000	0.000	0.242	0.000	1.000	0	107
0.23022	0.18929	0.26323	0.000	0.000	0.244	0.000	1.000	0	108
0.22854	0.18652	0.26267	0.000	0.000	0.238	0.000	1.000	0	105
0.22740	0.18510	0.26212	0.000	0.000	0.240	0.000	1.000	0	106
0.22740	0.18510	0.26212	0.000	0.000	0.240	0.000	1.000	0	106
0.22618	0.18301	0.26212	0.000	0.000	0.247	0.000	1.000	0	109
0.22618	0.18301	0.26212	0.000	0.000	0.247	0.000	1.000	0	109
0.22481	0.18301	0.26187	0.000	0.000	0.238	0.000	1.000	0	105
0.22406	0.18244	0.25963	0.000	0.000	0.238	0.000	1.000	0	105
0.22331	0.18110	0.25816	0.000	0.000	0.238	0.000	1.000	0	105
0.22257	0.18055	0.25717	0.000	0.000	0.238	0.000	1.000	0	105
0.22183	0.17905	0.25687	0.000	0.000	0.238	0.000	1.000	0	105
0.22141	0.17821	0.25687	0.000	0.000	0.240	0.000	1.000	0	106
0.21953	0.17778	0.25576	0.000	0.000	0.242	0.000	1.000	0	107
0.21919	0.17778	0.25410	0.000	0.000	0.240	0.000	1.000	0	106
0.21919	0.17778	0.25410	0.000	0.000	0.240	0.000	1.000	0	106
0.21879	0.17666	0.25410	0.000	0.000	0.242	0.000	1.000	0	107
0.21698	0.17585	0.25383	0.000	0.000	0.240	0.000	1.000	0	106
0.21663	0.17585	0.25328	0.000	0.000	0.238	0.000	1.000	0	105
0.21588	0.17427	0.25189	0.000	0.000	0.238	0.000	1.000	0	105
0.21475	0.17394	0.25071	0.000	0.000	0.240	0.000	1.000	0	106
0.21475	0.17394	0.25071	0.000	0.000	0.240	0.000	1.000	0	106
0.21435	0.17279	0.25071	0.000	0.000	0.242	0.000	1.000	0	107
0.21289	0.16988	0.25039	0.000	0.000	0.238	0.000	1.000	0	105
0.21208	0.16926	0.25039	0.000	0.000	0.242	0.000	1.000	0	107
0.21135	0.16926	0.24996	0.000	0.000	0.238	0.000	1.000	0	105
0.21056	0.16799	0.24983	0.000	0.000	0.238	0.000	1.000	0	105
0.21014	0.16552	0.24983	0.000	0.000	0.240	0.000	1.000	0	106
0.20812	0.16451	0.24958	0.000	0.000	0.242	0.000	1.000	0	107
0.20812	0.16451	0.24958	0.000	0.000	0.242	0.000	1.000	0	107
0.20812	0.16451	0.24958	0.000	0.000	0.242	0.000	1.000	0	107
0.20730	0.16368	0.24958	0.000	0.000	0.247	0.000	1.000	0	109
0.20730	0.16368	0.24958	0.000	0.000	0.247	0.000	1.000	0	109
0.20487	0.16328	0.24891	0.000	0.000	0.238	0.000	1.000	0	105
0.20370	0.16274	0.24891	0.000	0.000	0.244	0.000	1.000	0	108
0.20285	0.16274	0.24708	0.000	0.000	0.240	0.000	1.000	0	106
0.20243	0.16274	0.24640	0.000	0.000	0.238	0.000	1.000	0	105
0.20157	0.15679	0.24581	0.000	0.000	0.238	0.000	1.000	0	105
0.20114	0.15570	0.24581	0.000	0.000	0.240	0.000	1.000	0	106
0.19985	0.15531	0.24498	0.000	0.000	0.238	0.000	1.000	0	105
0.19857	0.15428	0.24466	0.000	0.000	0.240	0.000	1.000	0	106
0.19857	0.15428	0.24466	0.000	0.000	0.240	0.000	1.000	0	106
0.19812	0.15102	0.24466	0.000	0.000	0.242	0.000	1.000	0	107
0.19589	0.14958	0.24415	0.000	0.000	0.240	0.000	1.000	0	106
0.19589	0.14958	0.24415	0.000	0.000	0.240	0.000	1.000	0	106
0.19543	0.14705	0.24415	0.000	0.000	0.242	0.000	1.000	0	107
0.19313	0.14621	0.24065	0.000	0.000	0.240	0.000	1.000	0	106
0.19313	0.14621	0.24065	0.000	0.000	0.240	0.000	1.000	0	106
0.19265	0.14267	0.24065	0.000	0.000	0.242	0.000	1.000	0	107
0.19076	0.13763	0.23593	0.000	0.000	0.238	0.000	1.000	0	105
0.18880	0.13588	0.23393	0.000	0.000	0.242	0.000	1.000	0	107
0.18880	0.13588	0.23393	0.000	0.000	0.242	0.000	1.000	0	107
0.18794	0.13588	0.23336	0.000	0.000	0.238	0.000	1.000	0	105
0.18633	0.12544	0.23308	0.000	0.000	0.240	0.000	1.000	0	106
0.18633	0.12544	0.23308	0.000	0.000	0.240	0.000	1.000	0	106
0.18484	0.12292	0.22984	0.000	0.000	0.238	0.000	1.000	0	105
0.18423	0.12013	0.22984	0.000	0.000	0.240	0.000	1.000	0	106
0.18085	0.11576	0.22756	0.000	0.000	0.244	0.000	1.000	0	108
0.18085	0.11576	0.22756	0.000	0.000	0.244	0.000	1.000	0	108
0.18085	0.11576	0.22756	0.000	0.000	0.244	0.000	1.000	0	108
0.17951	0.11576	0.22700	0.000	0.000	0.238	0.000	1.000	0	105
0.17763	0.10316	0.22645	0.000	0.000	0.240	0.000	1.000	0	106
0.17763	0.10316	0.22645	0.000	0.000	0.240	0.000	1.000	0	106
0.17678	0.08719	0.22645	0.000	0.000	0.242	0.000	1.000	0	107
0.17431	0.06607	0.22481	0.000	0.000	0.238	0.000	1.000	0	105
0.17105	0.00000	0.22481	0.000	0.000	0.242	0.000	1.000	0	107
0.17002	0.00000	0.22470	0.000	0.000	0.238	0.000	1.000	0	105
