Score	Lower bound	Upper bound	Likelihood	TPR	FPR	PPV	FDR	No. positives	No. negatives
0.54016	0.49993	0.81829	10.32034	0.3069	0.0297	0.6298	0.3702	182	107
0.51964	0.49993	0.55039	9.89078	0.2007	0.0203	0.6198	0.3802	119	73
0.51964	0.49993	0.55039	9.89078	0.2007	0.0203	0.6198	0.3802	119	73
0.51964	0.49993	0.55039	9.89078	0.2007	0.0203	0.6198	0.3802	119	73
0.51964	0.49993	0.55039	9.89078	0.2007	0.0203	0.6198	0.3802	119	73
0.51964	0.49993	0.55039	9.89078	0.2007	0.0203	0.6198	0.3802	119	73
0.51964	0.49993	0.55039	9.89078	0.2007	0.0203	0.6198	0.3802	119	73
0.51964	0.49993	0.55039	9.89078	0.2007	0.0203	0.6198	0.3802	119	73
0.51964	0.49993	0.55039	9.89078	0.2007	0.0203	0.6198	0.3802	119	73
0.51964	0.49993	0.55039	9.89078	0.2007	0.0203	0.6198	0.3802	119	73
0.51964	0.49993	0.55039	9.89078	0.2007	0.0203	0.6198	0.3802	119	73
0.51964	0.49993	0.55039	9.89078	0.2007	0.0203	0.6198	0.3802	119	73
0.51964	0.49993	0.55039	9.89078	0.2007	0.0203	0.6198	0.3802	119	73
0.51964	0.49993	0.55039	9.89078	0.2007	0.0203	0.6198	0.3802	119	73
0.51964	0.49993	0.55039	9.89078	0.2007	0.0203	0.6198	0.3802	119	73
0.51667	0.49934	0.55039	8.93449	0.2260	0.0253	0.5956	0.4044	134	91
0.51301	0.49934	0.54983	8.77222	0.2024	0.0231	0.5911	0.4089	120	83
0.51301	0.49934	0.54983	8.77222	0.2024	0.0231	0.5911	0.4089	120	83
0.51301	0.49934	0.54983	8.77222	0.2024	0.0231	0.5911	0.4089	120	83
0.51213	0.49934	0.54319	8.76410	0.1973	0.0225	0.5909	0.4091	117	81
0.50891	0.49452	0.54319	8.16554	0.2428	0.0297	0.5737	0.4263	144	107
0.50124	0.49452	0.51148	8.11522	0.1804	0.0222	0.5722	0.4278	107	80
0.50124	0.49452	0.51148	8.11522	0.1804	0.0222	0.5722	0.4278	107	80
0.50124	0.49452	0.51148	8.11522	0.1804	0.0222	0.5722	0.4278	107	80
0.50124	0.49452	0.51148	8.11522	0.1804	0.0222	0.5722	0.4278	107	80
0.50078	0.49452	0.51127	7.50847	0.1669	0.0222	0.5531	0.4469	99	80
0.50078	0.49452	0.51127	7.50847	0.1669	0.0222	0.5531	0.4469	99	80
0.50078	0.49452	0.51127	7.50847	0.1669	0.0222	0.5531	0.4469	99	80
0.50078	0.49452	0.51127	7.50847	0.1669	0.0222	0.5531	0.4469	99	80
0.50078	0.49452	0.51127	7.50847	0.1669	0.0222	0.5531	0.4469	99	80
0.50017	0.49201	0.51127	6.39019	0.1669	0.0261	0.5130	0.4870	99	94
0.49951	0.49170	0.50768	6.26970	0.1568	0.0250	0.5082	0.4918	93	90
0.49841	0.49151	0.50635	6.20080	0.1568	0.0253	0.5054	0.4946	93	91
0.49841	0.49151	0.50635	6.20080	0.1568	0.0253	0.5054	0.4946	93	91
0.49841	0.49151	0.50635	6.20080	0.1568	0.0253	0.5054	0.4946	93	91
0.49799	0.49074	0.50635	5.64694	0.1585	0.0281	0.4821	0.5179	94	101
0.49701	0.48998	0.50228	5.32450	0.1450	0.0272	0.4674	0.5326	86	98
0.49672	0.48975	0.50094	5.26259	0.1433	0.0272	0.4645	0.5355	85	98
0.49672	0.48975	0.50094	5.26259	0.1433	0.0272	0.4645	0.5355	85	98
0.49672	0.48975	0.50094	5.26259	0.1433	0.0272	0.4645	0.5355	85	98
0.49672	0.48975	0.50094	5.26259	0.1433	0.0272	0.4645	0.5355	85	98
0.49657	0.48963	0.50094	5.05621	0.1433	0.0283	0.4545	0.5455	85	102
0.49636	0.48828	0.50094	5.02732	0.1467	0.0292	0.4531	0.5469	87	105
0.49538	0.48671	0.50055	4.71258	0.1349	0.0286	0.4372	0.5628	80	103
0.49518	0.48671	0.49993	4.40188	0.1248	0.0283	0.4205	0.5795	74	102
0.49518	0.48671	0.49993	4.40188	0.1248	0.0283	0.4205	0.5795	74	102
0.49518	0.48671	0.49993	4.40188	0.1248	0.0283	0.4205	0.5795	74	102
0.49518	0.48671	0.49993	4.40188	0.1248	0.0283	0.4205	0.5795	74	102
0.49503	0.48568	0.49993	4.37557	0.1265	0.0289	0.4190	0.5810	75	104
0.49481	0.48490	0.49993	4.21351	0.1265	0.0300	0.4098	0.5902	75	108
0.49481	0.48490	0.49993	4.21351	0.1265	0.0300	0.4098	0.5902	75	108
0.49481	0.48490	0.49993	4.21351	0.1265	0.0300	0.4098	0.5902	75	108
0.49481	0.48490	0.49993	4.21351	0.1265	0.0300	0.4098	0.5902	75	108
0.49475	0.48478	0.49993	4.17485	0.1265	0.0303	0.4076	0.5924	75	109
0.49421	0.48427	0.49993	3.90785	0.1282	0.0328	0.3918	0.6082	76	118
0.49421	0.48427	0.49993	3.90785	0.1282	0.0328	0.3918	0.6082	76	118
0.49421	0.48427	0.49993	3.90785	0.1282	0.0328	0.3918	0.6082	76	118
0.49421	0.48427	0.49993	3.90785	0.1282	0.0328	0.3918	0.6082	76	118
0.49421	0.48427	0.49993	3.90785	0.1282	0.0328	0.3918	0.6082	76	118
0.49421	0.48427	0.49993	3.90785	0.1282	0.0328	0.3918	0.6082	76	118
0.49421	0.48427	0.49993	3.90785	0.1282	0.0328	0.3918	0.6082	76	118
0.49421	0.48427	0.49993	3.90785	0.1282	0.0328	0.3918	0.6082	76	118
0.49352	0.48427	0.49936	2.90408	0.0944	0.0325	0.3237	0.6763	56	117
0.49352	0.48427	0.49936	2.90408	0.0944	0.0325	0.3237	0.6763	56	117
0.49297	0.48303	0.49936	2.88693	0.0995	0.0345	0.3224	0.6776	59	124
0.49257	0.48215	0.49936	2.86911	0.1029	0.0359	0.3211	0.6789	61	129
0.49257	0.48215	0.49936	2.86911	0.1029	0.0359	0.3211	0.6789	61	129
0.49257	0.48215	0.49936	2.86911	0.1029	0.0359	0.3211	0.6789	61	129
0.49257	0.48215	0.49936	2.86911	0.1029	0.0359	0.3211	0.6789	61	129
0.49246	0.48189	0.49936	2.82530	0.1029	0.0364	0.3177	0.6823	61	131
0.49246	0.48189	0.49936	2.82530	0.1029	0.0364	0.3177	0.6823	61	131
0.49084	0.47840	0.49936	2.79103	0.1164	0.0417	0.3151	0.6849	69	150
0.48838	0.47625	0.49836	2.64368	0.1029	0.0389	0.3035	0.6965	61	140
0.48715	0.47625	0.49775	2.03758	0.0759	0.0372	0.2514	0.7486	45	134
0.48715	0.47625	0.49775	2.03758	0.0759	0.0372	0.2514	0.7486	45	134
0.48715	0.47625	0.49775	2.03758	0.0759	0.0372	0.2514	0.7486	45	134
0.48715	0.47625	0.49775	2.03758	0.0759	0.0372	0.2514	0.7486	45	134
0.47311	0.45176	0.49775	1.92798	0.1720	0.0892	0.2411	0.7589	102	321
0.44583	0.42881	0.46691	1.42611	0.1855	0.1301	0.1903	0.8097	110	468
0.43404	0.42881	0.43806	1.39126	0.0607	0.0436	0.1865	0.8135	36	157
0.43310	0.42749	0.43762	0.73545	0.0337	0.0459	0.1081	0.8919	20	165
0.43231	0.42518	0.43627	0.72232	0.0337	0.0467	0.1064	0.8936	20	168
0.43231	0.42518	0.43627	0.72232	0.0337	0.0467	0.1064	0.8936	20	168
0.43231	0.42518	0.43627	0.72232	0.0337	0.0467	0.1064	0.8936	20	168
0.43231	0.42518	0.43627	0.72232	0.0337	0.0467	0.1064	0.8936	20	168
0.43231	0.42518	0.43627	0.72232	0.0337	0.0467	0.1064	0.8936	20	168
0.43227	0.42497	0.43627	0.71804	0.0337	0.0470	0.1058	0.8942	20	169
0.43060	0.42392	0.43627	0.71550	0.0422	0.0589	0.1055	0.8945	25	212
0.41495	0.38788	0.43627	0.61992	0.1349	0.2176	0.0927	0.9073	80	783
0.37875	0.35713	0.40262	0.58037	0.1113	0.1918	0.0873	0.9127	66	690
0.36314	0.35713	0.36706	0.41845	0.0202	0.0484	0.0645	0.9355	12	174
0.36310	0.35673	0.36706	0.41605	0.0202	0.0486	0.0642	0.9358	12	175
0.36307	0.35636	0.36706	0.41369	0.0202	0.0489	0.0638	0.9362	12	176
0.36303	0.35583	0.36706	0.41135	0.0202	0.0492	0.0635	0.9365	12	177
0.36287	0.35546	0.36706	0.40226	0.0202	0.0503	0.0622	0.9378	12	181
0.36287	0.35546	0.36706	0.40226	0.0202	0.0503	0.0622	0.9378	12	181
0.36287	0.35546	0.36706	0.40226	0.0202	0.0503	0.0622	0.9378	12	181
0.36287	0.35546	0.36706	0.40226	0.0202	0.0503	0.0622	0.9378	12	181
0.36280	0.35522	0.36706	0.39787	0.0202	0.0509	0.0615	0.9385	12	183
0.36280	0.35522	0.36706	0.39787	0.0202	0.0509	0.0615	0.9385	12	183
0.36276	0.35507	0.36706	0.39570	0.0202	0.0511	0.0612	0.9388	12	184
0.36264	0.35490	0.36706	0.38936	0.0202	0.0520	0.0603	0.9397	12	187
0.36264	0.35490	0.36706	0.38936	0.0202	0.0520	0.0603	0.9397	12	187
0.36260	0.35480	0.36706	0.38728	0.0202	0.0523	0.0600	0.9400	12	188
0.36260	0.35480	0.36706	0.38728	0.0202	0.0523	0.0600	0.9400	12	188
0.30703	0.22196	0.36706	0.37975	0.1501	0.3952	0.0589	0.9411	89	1422
0.20332	0.09981	0.24523	0.22006	0.0354	0.1609	0.0350	0.9650	21	579
