Score	Lower bound	Upper bound	Likelihood	TPR	FPR	PPV	FDR	No. positives	No. negatives
0.32129	0.27715	0.35980	6.548	0.430	0.066	0.436	0.564	58	75
0.31298	0.27696	0.34845	6.451	0.356	0.055	0.432	0.568	48	63
0.31266	0.27696	0.34833	6.316	0.348	0.055	0.427	0.573	47	63
0.31233	0.27696	0.34672	6.182	0.341	0.055	0.422	0.578	46	63
0.31168	0.27555	0.34654	5.953	0.333	0.056	0.413	0.587	45	64
0.31134	0.27467	0.34654	5.862	0.333	0.057	0.409	0.591	45	65
0.31101	0.27456	0.34654	5.773	0.333	0.058	0.405	0.595	45	66
0.30763	0.26762	0.34563	5.644	0.341	0.060	0.400	0.600	46	69
0.30416	0.26420	0.34259	5.603	0.333	0.059	0.398	0.602	45	68
0.30276	0.26420	0.34144	5.307	0.311	0.059	0.385	0.615	42	67
0.30204	0.26388	0.34073	5.307	0.311	0.059	0.385	0.615	42	67
0.30168	0.26233	0.34073	5.229	0.311	0.059	0.382	0.618	42	68
0.30133	0.26222	0.34073	5.154	0.311	0.060	0.378	0.622	42	69
0.29592	0.25752	0.34044	4.838	0.326	0.067	0.364	0.636	44	77
0.26354	0.19608	0.32894	4.575	0.496	0.108	0.351	0.649	67	124
0.23311	0.18796	0.27239	4.345	0.289	0.066	0.339	0.661	39	76
0.23004	0.18783	0.26420	4.119	0.267	0.065	0.327	0.673	36	74
0.23004	0.18783	0.26420	4.119	0.267	0.065	0.327	0.673	36	74
0.22583	0.17974	0.26388	3.916	0.274	0.070	0.316	0.684	37	80
0.22164	0.17867	0.26055	3.739	0.252	0.067	0.306	0.694	34	77
0.22129	0.17867	0.25956	3.629	0.244	0.067	0.300	0.700	33	77
0.22129	0.17867	0.25956	3.629	0.244	0.067	0.300	0.700	33	77
0.22089	0.17745	0.25956	3.582	0.244	0.068	0.297	0.703	33	78
0.21629	0.16939	0.25835	3.468	0.252	0.073	0.291	0.709	34	83
0.21225	0.16817	0.25115	3.322	0.230	0.069	0.282	0.718	31	79
0.21225	0.16817	0.25115	3.322	0.230	0.069	0.282	0.718	31	79
0.21112	0.16622	0.25085	3.215	0.222	0.069	0.275	0.725	30	79
0.21033	0.16565	0.24906	3.215	0.222	0.069	0.275	0.725	30	79
0.20956	0.16519	0.24883	3.215	0.222	0.069	0.275	0.725	30	79
0.20880	0.16500	0.24820	3.215	0.222	0.069	0.275	0.725	30	79
0.20803	0.16473	0.24778	3.215	0.222	0.069	0.275	0.725	30	79
0.20684	0.16265	0.24585	3.175	0.222	0.070	0.273	0.727	30	80
0.20684	0.16265	0.24585	3.175	0.222	0.070	0.273	0.727	30	80
0.20572	0.16252	0.24466	2.927	0.207	0.071	0.257	0.743	28	81
0.20458	0.16238	0.24313	2.891	0.207	0.072	0.255	0.745	28	82
0.20422	0.16238	0.24294	2.788	0.200	0.072	0.248	0.752	27	82
0.20348	0.16143	0.24205	2.788	0.200	0.072	0.248	0.752	27	82
0.20274	0.16116	0.24097	2.788	0.200	0.072	0.248	0.752	27	82
0.20160	0.16044	0.24097	2.689	0.200	0.074	0.241	0.759	27	85
0.19873	0.15923	0.24031	2.569	0.200	0.078	0.233	0.767	27	89
0.15091	0.05016	0.23788	2.451	0.407	0.166	0.224	0.776	55	190
0.10152	0.04953	0.14357	2.264	0.170	0.075	0.211	0.789	23	86
0.10104	0.04849	0.14357	2.238	0.170	0.076	0.209	0.791	23	87
0.09959	0.04476	0.14357	2.164	0.170	0.079	0.204	0.796	23	90
0.09750	0.04444	0.14130	2.117	0.163	0.077	0.200	0.800	22	88
0.09620	0.04391	0.13802	2.020	0.156	0.077	0.193	0.807	21	88
0.09524	0.04291	0.13802	1.976	0.156	0.079	0.189	0.811	21	90
0.09524	0.04291	0.13802	1.976	0.156	0.079	0.189	0.811	21	90
0.08937	0.03607	0.13686	1.728	0.148	0.086	0.169	0.831	20	98
0.08567	0.03607	0.12960	1.675	0.133	0.080	0.165	0.835	18	91
0.08436	0.03532	0.12697	1.548	0.126	0.081	0.155	0.845	17	93
0.08436	0.03532	0.12697	1.548	0.126	0.081	0.155	0.845	17	93
0.08266	0.03336	0.12630	1.337	0.111	0.083	0.136	0.864	15	95
0.08266	0.03336	0.12630	1.337	0.111	0.083	0.136	0.864	15	95
0.08220	0.03177	0.12630	1.323	0.111	0.084	0.135	0.865	15	96
0.08173	0.02935	0.12630	1.309	0.111	0.085	0.134	0.866	15	97
0.07961	0.02891	0.12591	1.248	0.104	0.083	0.128	0.872	14	95
0.07871	0.02877	0.12519	1.248	0.104	0.083	0.128	0.872	14	95
0.07644	0.02508	0.12519	1.185	0.104	0.087	0.123	0.877	14	100
0.07154	0.02358	0.12317	1.101	0.096	0.087	0.115	0.885	13	100
0.06797	0.02278	0.11822	1.026	0.089	0.087	0.108	0.892	12	99
0.06622	0.02232	0.11413	0.950	0.081	0.086	0.101	0.899	11	98
0.06537	0.02215	0.11389	0.950	0.081	0.086	0.101	0.899	11	98
0.06453	0.02204	0.11377	0.950	0.081	0.086	0.101	0.899	11	98
0.06369	0.02150	0.11104	0.950	0.081	0.086	0.101	0.899	11	98
0.06248	0.02129	0.11081	0.941	0.081	0.087	0.100	0.900	11	99
0.06130	0.02071	0.10914	0.931	0.081	0.087	0.099	0.901	11	100
0.06008	0.02058	0.10613	0.847	0.074	0.087	0.091	0.909	10	100
0.05972	0.02028	0.10613	0.838	0.074	0.088	0.090	0.910	10	101
0.05902	0.01997	0.10613	0.822	0.074	0.090	0.088	0.912	10	103
0.05729	0.01997	0.10489	0.671	0.059	0.088	0.073	0.927	8	101
0.05651	0.01982	0.10328	0.581	0.052	0.089	0.064	0.936	7	102
0.05476	0.01926	0.10228	0.564	0.052	0.092	0.062	0.938	7	105
0.05350	0.01811	0.10228	0.544	0.052	0.095	0.060	0.940	7	109
0.04883	0.01751	0.09879	0.479	0.044	0.093	0.054	0.946	6	106
0.04756	0.01708	0.09760	0.470	0.044	0.094	0.053	0.947	6	108
0.04285	0.01552	0.09479	0.438	0.044	0.101	0.049	0.951	6	116
0.03677	0.01540	0.08044	0.240	0.022	0.093	0.028	0.972	3	106
0.03619	0.01526	0.08044	0.233	0.022	0.095	0.027	0.973	3	109
0.03447	0.01370	0.07954	0.227	0.022	0.098	0.026	0.974	3	112
0.03116	0.01261	0.07203	0.227	0.022	0.098	0.026	0.974	3	112
0.02767	0.01190	0.06565	0.146	0.015	0.101	0.017	0.983	2	116
0.02576	0.01190	0.06155	0.076	0.007	0.097	0.009	0.991	1	111
0.00918	0.00170	0.05298	0.018	0.007	0.411	0.002	0.998	1	470
0.00219	0.00170	0.00286	0.000	0.000	0.116	0.000	1.000	0	133
0.00218	0.00170	0.00285	0.000	0.000	0.115	0.000	1.000	0	131
0.00213	0.00165	0.00281	0.000	0.000	0.119	0.000	1.000	0	136
0.00213	0.00165	0.00281	0.000	0.000	0.119	0.000	1.000	0	136
0.00213	0.00165	0.00281	0.000	0.000	0.119	0.000	1.000	0	136
0.00213	0.00165	0.00281	0.000	0.000	0.119	0.000	1.000	0	136
0.00212	0.00165	0.00279	0.000	0.000	0.118	0.000	1.000	0	135
0.00212	0.00165	0.00279	0.000	0.000	0.118	0.000	1.000	0	135
0.00212	0.00165	0.00279	0.000	0.000	0.118	0.000	1.000	0	135
0.00211	0.00165	0.00279	0.000	0.000	0.116	0.000	1.000	0	133
0.00209	0.00165	0.00272	0.000	0.000	0.112	0.000	1.000	0	128
0.00207	0.00165	0.00269	0.000	0.000	0.108	0.000	1.000	0	124
0.00207	0.00165	0.00269	0.000	0.000	0.108	0.000	1.000	0	124
0.00204	0.00161	0.00262	0.000	0.000	0.115	0.000	1.000	0	131
0.00204	0.00161	0.00262	0.000	0.000	0.115	0.000	1.000	0	131
0.00204	0.00161	0.00262	0.000	0.000	0.115	0.000	1.000	0	131
0.00202	0.00158	0.00260	0.000	0.000	0.117	0.000	1.000	0	134
0.00202	0.00158	0.00260	0.000	0.000	0.117	0.000	1.000	0	134
0.00201	0.00158	0.00258	0.000	0.000	0.115	0.000	1.000	0	132
0.00201	0.00158	0.00258	0.000	0.000	0.115	0.000	1.000	0	132
0.00201	0.00158	0.00258	0.000	0.000	0.115	0.000	1.000	0	132
0.00199	0.00157	0.00258	0.000	0.000	0.120	0.000	1.000	0	137
0.00198	0.00157	0.00255	0.000	0.000	0.118	0.000	1.000	0	135
0.00198	0.00157	0.00255	0.000	0.000	0.118	0.000	1.000	0	135
0.00197	0.00155	0.00255	0.000	0.000	0.123	0.000	1.000	0	141
0.00195	0.00154	0.00252	0.000	0.000	0.125	0.000	1.000	0	143
0.00195	0.00154	0.00252	0.000	0.000	0.125	0.000	1.000	0	143
0.00195	0.00154	0.00252	0.000	0.000	0.125	0.000	1.000	0	143
0.00195	0.00154	0.00252	0.000	0.000	0.125	0.000	1.000	0	143
0.00195	0.00154	0.00252	0.000	0.000	0.125	0.000	1.000	0	143
0.00193	0.00151	0.00249	0.000	0.000	0.125	0.000	1.000	0	143
0.00193	0.00151	0.00249	0.000	0.000	0.125	0.000	1.000	0	143
0.00193	0.00151	0.00249	0.000	0.000	0.125	0.000	1.000	0	143
0.00191	0.00151	0.00245	0.000	0.000	0.121	0.000	1.000	0	138
0.00191	0.00149	0.00245	0.000	0.000	0.122	0.000	1.000	0	140
0.00191	0.00149	0.00245	0.000	0.000	0.122	0.000	1.000	0	140
0.00188	0.00148	0.00243	0.000	0.000	0.121	0.000	1.000	0	138
0.00188	0.00148	0.00243	0.000	0.000	0.121	0.000	1.000	0	138
0.00188	0.00148	0.00243	0.000	0.000	0.121	0.000	1.000	0	138
0.00188	0.00148	0.00243	0.000	0.000	0.121	0.000	1.000	0	138
0.00187	0.00148	0.00239	0.000	0.000	0.120	0.000	1.000	0	137
0.00187	0.00148	0.00239	0.000	0.000	0.120	0.000	1.000	0	137
0.00185	0.00145	0.00239	0.000	0.000	0.127	0.000	1.000	0	145
0.00185	0.00145	0.00239	0.000	0.000	0.127	0.000	1.000	0	145
0.00185	0.00145	0.00239	0.000	0.000	0.127	0.000	1.000	0	145
0.00183	0.00145	0.00236	0.000	0.000	0.123	0.000	1.000	0	141
0.00183	0.00145	0.00234	0.000	0.000	0.122	0.000	1.000	0	139
0.00183	0.00145	0.00234	0.000	0.000	0.122	0.000	1.000	0	139
0.00183	0.00145	0.00234	0.000	0.000	0.122	0.000	1.000	0	139
0.00181	0.00145	0.00231	0.000	0.000	0.118	0.000	1.000	0	135
0.00181	0.00145	0.00231	0.000	0.000	0.118	0.000	1.000	0	135
0.00179	0.00142	0.00231	0.000	0.000	0.127	0.000	1.000	0	145
0.00179	0.00142	0.00231	0.000	0.000	0.127	0.000	1.000	0	145
0.00179	0.00142	0.00231	0.000	0.000	0.127	0.000	1.000	0	145
0.00174	0.00140	0.00225	0.000	0.000	0.129	0.000	1.000	0	148
0.00174	0.00140	0.00225	0.000	0.000	0.129	0.000	1.000	0	148
0.00173	0.00138	0.00225	0.000	0.000	0.132	0.000	1.000	0	151
0.00172	0.00138	0.00221	0.000	0.000	0.129	0.000	1.000	0	148
0.00172	0.00138	0.00221	0.000	0.000	0.129	0.000	1.000	0	148
0.00172	0.00138	0.00221	0.000	0.000	0.129	0.000	1.000	0	148
0.00171	0.00137	0.00221	0.000	0.000	0.129	0.000	1.000	0	148
0.00171	0.00137	0.00221	0.000	0.000	0.129	0.000	1.000	0	148
0.00171	0.00137	0.00221	0.000	0.000	0.128	0.000	1.000	0	146
0.00170	0.00137	0.00216	0.000	0.000	0.127	0.000	1.000	0	145
0.00170	0.00137	0.00216	0.000	0.000	0.127	0.000	1.000	0	145
0.00170	0.00137	0.00216	0.000	0.000	0.127	0.000	1.000	0	145
0.00170	0.00137	0.00216	0.000	0.000	0.127	0.000	1.000	0	145
0.00166	0.00134	0.00213	0.000	0.000	0.131	0.000	1.000	0	150
0.00166	0.00134	0.00213	0.000	0.000	0.133	0.000	1.000	0	152
0.00166	0.00134	0.00211	0.000	0.000	0.132	0.000	1.000	0	151
0.00165	0.00134	0.00208	0.000	0.000	0.129	0.000	1.000	0	148
0.00165	0.00134	0.00208	0.000	0.000	0.129	0.000	1.000	0	148
0.00165	0.00134	0.00208	0.000	0.000	0.129	0.000	1.000	0	148
0.00165	0.00134	0.00208	0.000	0.000	0.129	0.000	1.000	0	148
0.00165	0.00134	0.00208	0.000	0.000	0.129	0.000	1.000	0	148
0.00164	0.00134	0.00203	0.000	0.000	0.126	0.000	1.000	0	144
0.00164	0.00134	0.00203	0.000	0.000	0.126	0.000	1.000	0	144
0.00161	0.00132	0.00203	0.000	0.000	0.135	0.000	1.000	0	154
0.00161	0.00132	0.00203	0.000	0.000	0.135	0.000	1.000	0	154
0.00161	0.00132	0.00203	0.000	0.000	0.135	0.000	1.000	0	154
0.00161	0.00132	0.00203	0.000	0.000	0.135	0.000	1.000	0	154
0.00161	0.00132	0.00202	0.000	0.000	0.133	0.000	1.000	0	152
0.00161	0.00132	0.00202	0.000	0.000	0.133	0.000	1.000	0	152
0.00161	0.00132	0.00202	0.000	0.000	0.133	0.000	1.000	0	152
0.00160	0.00130	0.00202	0.000	0.000	0.138	0.000	1.000	0	158
0.00160	0.00130	0.00202	0.000	0.000	0.138	0.000	1.000	0	158
0.00158	0.00128	0.00200	0.000	0.000	0.142	0.000	1.000	0	162
0.00158	0.00128	0.00200	0.000	0.000	0.142	0.000	1.000	0	162
0.00158	0.00128	0.00200	0.000	0.000	0.142	0.000	1.000	0	162
0.00157	0.00128	0.00198	0.000	0.000	0.138	0.000	1.000	0	158
0.00157	0.00128	0.00198	0.000	0.000	0.138	0.000	1.000	0	158
0.00155	0.00126	0.00197	0.000	0.000	0.146	0.000	1.000	0	167
0.00155	0.00126	0.00197	0.000	0.000	0.146	0.000	1.000	0	167
0.00155	0.00125	0.00197	0.000	0.000	0.150	0.000	1.000	0	171
0.00153	0.00125	0.00195	0.000	0.000	0.145	0.000	1.000	0	166
0.00153	0.00125	0.00195	0.000	0.000	0.145	0.000	1.000	0	166
0.00153	0.00125	0.00193	0.000	0.000	0.144	0.000	1.000	0	165
0.00153	0.00125	0.00193	0.000	0.000	0.145	0.000	1.000	0	166
0.00151	0.00125	0.00191	0.000	0.000	0.140	0.000	1.000	0	160
0.00151	0.00125	0.00191	0.000	0.000	0.140	0.000	1.000	0	160
0.00151	0.00125	0.00191	0.000	0.000	0.140	0.000	1.000	0	160
0.00151	0.00124	0.00190	0.000	0.000	0.140	0.000	1.000	0	160
0.00151	0.00124	0.00190	0.000	0.000	0.140	0.000	1.000	0	160
0.00149	0.00122	0.00190	0.000	0.000	0.146	0.000	1.000	0	167
0.00149	0.00122	0.00190	0.000	0.000	0.146	0.000	1.000	0	167
0.00149	0.00122	0.00190	0.000	0.000	0.146	0.000	1.000	0	167
0.00148	0.00122	0.00188	0.000	0.000	0.143	0.000	1.000	0	163
0.00148	0.00122	0.00188	0.000	0.000	0.143	0.000	1.000	0	163
0.00148	0.00122	0.00188	0.000	0.000	0.143	0.000	1.000	0	163
0.00148	0.00122	0.00188	0.000	0.000	0.143	0.000	1.000	0	163
0.00148	0.00122	0.00184	0.000	0.000	0.140	0.000	1.000	0	160
0.00148	0.00122	0.00184	0.000	0.000	0.140	0.000	1.000	0	160
0.00148	0.00122	0.00184	0.000	0.000	0.140	0.000	1.000	0	160
0.00147	0.00120	0.00184	0.000	0.000	0.143	0.000	1.000	0	164
0.00147	0.00120	0.00184	0.000	0.000	0.143	0.000	1.000	0	164
0.00147	0.00120	0.00184	0.000	0.000	0.143	0.000	1.000	0	164
0.00147	0.00120	0.00181	0.000	0.000	0.142	0.000	1.000	0	162
0.00147	0.00120	0.00181	0.000	0.000	0.142	0.000	1.000	0	162
0.00147	0.00120	0.00181	0.000	0.000	0.142	0.000	1.000	0	162
0.00147	0.00120	0.00181	0.000	0.000	0.142	0.000	1.000	0	162
0.00147	0.00120	0.00181	0.000	0.000	0.142	0.000	1.000	0	162
0.00145	0.00120	0.00180	0.000	0.000	0.136	0.000	1.000	0	155
0.00145	0.00120	0.00178	0.000	0.000	0.135	0.000	1.000	0	154
0.00145	0.00120	0.00178	0.000	0.000	0.135	0.000	1.000	0	154
0.00143	0.00117	0.00174	0.000	0.000	0.136	0.000	1.000	0	156
0.00143	0.00117	0.00174	0.000	0.000	0.136	0.000	1.000	0	156
0.00143	0.00117	0.00174	0.000	0.000	0.136	0.000	1.000	0	156
0.00143	0.00117	0.00174	0.000	0.000	0.136	0.000	1.000	0	156
0.00143	0.00117	0.00174	0.000	0.000	0.136	0.000	1.000	0	156
0.00143	0.00117	0.00174	0.000	0.000	0.136	0.000	1.000	0	156
0.00143	0.00117	0.00174	0.000	0.000	0.136	0.000	1.000	0	156
0.00143	0.00117	0.00174	0.000	0.000	0.136	0.000	1.000	0	156
0.00143	0.00117	0.00174	0.000	0.000	0.136	0.000	1.000	0	156
0.00141	0.00117	0.00170	0.000	0.000	0.127	0.000	1.000	0	145
0.00141	0.00117	0.00170	0.000	0.000	0.127	0.000	1.000	0	145
0.00141	0.00117	0.00170	0.000	0.000	0.127	0.000	1.000	0	145
0.00141	0.00117	0.00170	0.000	0.000	0.127	0.000	1.000	0	145
0.00141	0.00117	0.00170	0.000	0.000	0.127	0.000	1.000	0	145
0.00141	0.00117	0.00170	0.000	0.000	0.127	0.000	1.000	0	145
0.00140	0.00114	0.00170	0.000	0.000	0.128	0.000	1.000	0	146
0.00140	0.00114	0.00170	0.000	0.000	0.128	0.000	1.000	0	146
0.00140	0.00114	0.00168	0.000	0.000	0.125	0.000	1.000	0	143
0.00140	0.00114	0.00168	0.000	0.000	0.125	0.000	1.000	0	143
0.00140	0.00114	0.00168	0.000	0.000	0.125	0.000	1.000	0	143
0.00140	0.00114	0.00168	0.000	0.000	0.125	0.000	1.000	0	143
0.00139	0.00114	0.00167	0.000	0.000	0.121	0.000	1.000	0	138
0.00138	0.00113	0.00167	0.000	0.000	0.127	0.000	1.000	0	145
0.00138	0.00113	0.00167	0.000	0.000	0.127	0.000	1.000	0	145
0.00137	0.00110	0.00167	0.000	0.000	0.131	0.000	1.000	0	150
0.00137	0.00110	0.00167	0.000	0.000	0.131	0.000	1.000	0	150
0.00136	0.00110	0.00165	0.000	0.000	0.129	0.000	1.000	0	147
0.00136	0.00110	0.00165	0.000	0.000	0.129	0.000	1.000	0	147
0.00135	0.00108	0.00165	0.000	0.000	0.134	0.000	1.000	0	153
0.00135	0.00108	0.00165	0.000	0.000	0.134	0.000	1.000	0	153
0.00135	0.00108	0.00165	0.000	0.000	0.134	0.000	1.000	0	153
0.00135	0.00108	0.00165	0.000	0.000	0.134	0.000	1.000	0	153
0.00135	0.00108	0.00163	0.000	0.000	0.133	0.000	1.000	0	152
0.00135	0.00108	0.00163	0.000	0.000	0.133	0.000	1.000	0	152
0.00134	0.00106	0.00163	0.000	0.000	0.138	0.000	1.000	0	158
0.00132	0.00104	0.00161	0.000	0.000	0.136	0.000	1.000	0	155
0.00132	0.00104	0.00161	0.000	0.000	0.136	0.000	1.000	0	155
0.00132	0.00104	0.00161	0.000	0.000	0.136	0.000	1.000	0	155
0.00132	0.00104	0.00159	0.000	0.000	0.132	0.000	1.000	0	151
0.00132	0.00104	0.00159	0.000	0.000	0.132	0.000	1.000	0	151
0.00131	0.00104	0.00158	0.000	0.000	0.130	0.000	1.000	0	149
0.00131	0.00104	0.00158	0.000	0.000	0.130	0.000	1.000	0	149
0.00130	0.00102	0.00158	0.000	0.000	0.138	0.000	1.000	0	158
0.00127	0.00100	0.00155	0.000	0.000	0.143	0.000	1.000	0	163
0.00127	0.00100	0.00155	0.000	0.000	0.143	0.000	1.000	0	163
0.00127	0.00100	0.00155	0.000	0.000	0.143	0.000	1.000	0	163
0.00127	0.00100	0.00155	0.000	0.000	0.143	0.000	1.000	0	163
0.00127	0.00100	0.00155	0.000	0.000	0.143	0.000	1.000	0	163
0.00127	0.00100	0.00155	0.000	0.000	0.143	0.000	1.000	0	163
0.00127	0.00100	0.00155	0.000	0.000	0.143	0.000	1.000	0	163
0.00127	0.00100	0.00155	0.000	0.000	0.143	0.000	1.000	0	163
0.00125	0.00100	0.00151	0.000	0.000	0.135	0.000	1.000	0	154
0.00125	0.00100	0.00151	0.000	0.000	0.135	0.000	1.000	0	154
0.00123	0.00097	0.00151	0.000	0.000	0.145	0.000	1.000	0	166
0.00123	0.00097	0.00151	0.000	0.000	0.145	0.000	1.000	0	166
0.00123	0.00097	0.00151	0.000	0.000	0.145	0.000	1.000	0	166
0.00123	0.00097	0.00151	0.000	0.000	0.145	0.000	1.000	0	166
0.00123	0.00097	0.00151	0.000	0.000	0.145	0.000	1.000	0	166
0.00123	0.00097	0.00151	0.000	0.000	0.145	0.000	1.000	0	166
0.00123	0.00094	0.00151	0.000	0.000	0.147	0.000	1.000	0	168
0.00121	0.00094	0.00151	0.000	0.000	0.153	0.000	1.000	0	175
0.00120	0.00092	0.00149	0.000	0.000	0.158	0.000	1.000	0	181
0.00120	0.00092	0.00149	0.000	0.000	0.158	0.000	1.000	0	181
0.00120	0.00092	0.00149	0.000	0.000	0.158	0.000	1.000	0	181
0.00120	0.00092	0.00149	0.000	0.000	0.158	0.000	1.000	0	181
0.00120	0.00092	0.00149	0.000	0.000	0.158	0.000	1.000	0	181
0.00120	0.00092	0.00149	0.000	0.000	0.158	0.000	1.000	0	181
0.00120	0.00092	0.00149	0.000	0.000	0.158	0.000	1.000	0	181
0.00120	0.00092	0.00149	0.000	0.000	0.158	0.000	1.000	0	181
0.00120	0.00092	0.00149	0.000	0.000	0.158	0.000	1.000	0	181
0.00118	0.00091	0.00148	0.000	0.000	0.161	0.000	1.000	0	184
0.00118	0.00091	0.00148	0.000	0.000	0.161	0.000	1.000	0	184
0.00118	0.00091	0.00148	0.000	0.000	0.161	0.000	1.000	0	184
0.00118	0.00091	0.00146	0.000	0.000	0.157	0.000	1.000	0	180
0.00118	0.00091	0.00146	0.000	0.000	0.157	0.000	1.000	0	180
0.00117	0.00091	0.00144	0.000	0.000	0.151	0.000	1.000	0	173
0.00117	0.00091	0.00144	0.000	0.000	0.151	0.000	1.000	0	173
0.00117	0.00091	0.00144	0.000	0.000	0.151	0.000	1.000	0	173
0.00117	0.00091	0.00144	0.000	0.000	0.151	0.000	1.000	0	173
0.00117	0.00091	0.00144	0.000	0.000	0.151	0.000	1.000	0	173
0.00117	0.00091	0.00144	0.000	0.000	0.151	0.000	1.000	0	173
0.00116	0.00089	0.00144	0.000	0.000	0.155	0.000	1.000	0	177
0.00116	0.00089	0.00144	0.000	0.000	0.155	0.000	1.000	0	177
0.00116	0.00089	0.00144	0.000	0.000	0.155	0.000	1.000	0	177
0.00116	0.00089	0.00144	0.000	0.000	0.155	0.000	1.000	0	177
0.00116	0.00089	0.00144	0.000	0.000	0.154	0.000	1.000	0	176
0.00116	0.00089	0.00144	0.000	0.000	0.154	0.000	1.000	0	176
0.00114	0.00089	0.00140	0.000	0.000	0.146	0.000	1.000	0	167
0.00114	0.00087	0.00140	0.000	0.000	0.150	0.000	1.000	0	172
0.00114	0.00087	0.00140	0.000	0.000	0.150	0.000	1.000	0	172
0.00114	0.00087	0.00140	0.000	0.000	0.150	0.000	1.000	0	172
0.00114	0.00087	0.00140	0.000	0.000	0.150	0.000	1.000	0	172
0.00114	0.00087	0.00140	0.000	0.000	0.150	0.000	1.000	0	172
0.00114	0.00087	0.00140	0.000	0.000	0.150	0.000	1.000	0	172
0.00113	0.00085	0.00140	0.000	0.000	0.153	0.000	1.000	0	175
0.00113	0.00085	0.00140	0.000	0.000	0.153	0.000	1.000	0	175
0.00113	0.00085	0.00140	0.000	0.000	0.153	0.000	1.000	0	175
0.00112	0.00085	0.00140	0.000	0.000	0.147	0.000	1.000	0	168
0.00112	0.00085	0.00140	0.000	0.000	0.147	0.000	1.000	0	168
0.00112	0.00085	0.00140	0.000	0.000	0.147	0.000	1.000	0	168
0.00112	0.00085	0.00140	0.000	0.000	0.147	0.000	1.000	0	168
0.00112	0.00085	0.00140	0.000	0.000	0.147	0.000	1.000	0	168
0.00112	0.00084	0.00140	0.000	0.000	0.150	0.000	1.000	0	171
0.00111	0.00084	0.00138	0.000	0.000	0.148	0.000	1.000	0	169
0.00111	0.00084	0.00138	0.000	0.000	0.148	0.000	1.000	0	169
0.00111	0.00084	0.00138	0.000	0.000	0.148	0.000	1.000	0	169
0.00111	0.00084	0.00138	0.000	0.000	0.148	0.000	1.000	0	169
0.00111	0.00084	0.00138	0.000	0.000	0.148	0.000	1.000	0	169
0.00110	0.00084	0.00135	0.000	0.000	0.143	0.000	1.000	0	164
0.00110	0.00084	0.00135	0.000	0.000	0.143	0.000	1.000	0	164
0.00110	0.00084	0.00135	0.000	0.000	0.143	0.000	1.000	0	164
0.00108	0.00082	0.00135	0.000	0.000	0.154	0.000	1.000	0	176
0.00108	0.00082	0.00135	0.000	0.000	0.154	0.000	1.000	0	176
0.00108	0.00082	0.00135	0.000	0.000	0.154	0.000	1.000	0	176
0.00108	0.00082	0.00135	0.000	0.000	0.154	0.000	1.000	0	176
0.00108	0.00082	0.00135	0.000	0.000	0.154	0.000	1.000	0	176
0.00108	0.00080	0.00135	0.000	0.000	0.155	0.000	1.000	0	177
0.00107	0.00079	0.00135	0.000	0.000	0.161	0.000	1.000	0	184
0.00107	0.00079	0.00135	0.000	0.000	0.159	0.000	1.000	0	182
0.00107	0.00079	0.00135	0.000	0.000	0.159	0.000	1.000	0	182
0.00106	0.00077	0.00135	0.000	0.000	0.163	0.000	1.000	0	186
0.00106	0.00077	0.00135	0.000	0.000	0.164	0.000	1.000	0	187
0.00105	0.00077	0.00135	0.000	0.000	0.160	0.000	1.000	0	183
0.00105	0.00077	0.00134	0.000	0.000	0.157	0.000	1.000	0	179
0.00105	0.00077	0.00134	0.000	0.000	0.157	0.000	1.000	0	179
0.00104	0.00076	0.00132	0.000	0.000	0.157	0.000	1.000	0	180
0.00104	0.00076	0.00132	0.000	0.000	0.157	0.000	1.000	0	180
0.00104	0.00076	0.00132	0.000	0.000	0.157	0.000	1.000	0	180
0.00103	0.00074	0.00132	0.000	0.000	0.163	0.000	1.000	0	186
0.00103	0.00074	0.00132	0.000	0.000	0.163	0.000	1.000	0	186
0.00103	0.00074	0.00132	0.000	0.000	0.163	0.000	1.000	0	186
0.00102	0.00073	0.00132	0.000	0.000	0.168	0.000	1.000	0	192
0.00100	0.00073	0.00130	0.000	0.000	0.159	0.000	1.000	0	182
0.00100	0.00073	0.00130	0.000	0.000	0.159	0.000	1.000	0	182
0.00100	0.00073	0.00130	0.000	0.000	0.159	0.000	1.000	0	182
0.00100	0.00073	0.00130	0.000	0.000	0.159	0.000	1.000	0	182
0.00099	0.00073	0.00127	0.000	0.000	0.150	0.000	1.000	0	171
0.00099	0.00073	0.00127	0.000	0.000	0.150	0.000	1.000	0	171
0.00099	0.00073	0.00127	0.000	0.000	0.150	0.000	1.000	0	171
0.00099	0.00073	0.00127	0.000	0.000	0.150	0.000	1.000	0	171
0.00099	0.00073	0.00127	0.000	0.000	0.150	0.000	1.000	0	171
0.00099	0.00073	0.00127	0.000	0.000	0.150	0.000	1.000	0	171
0.00096	0.00073	0.00124	0.000	0.000	0.136	0.000	1.000	0	156
0.00094	0.00070	0.00122	0.000	0.000	0.132	0.000	1.000	0	151
0.00093	0.00070	0.00122	0.000	0.000	0.138	0.000	1.000	0	158
0.00093	0.00070	0.00122	0.000	0.000	0.138	0.000	1.000	0	158
0.00093	0.00070	0.00122	0.000	0.000	0.138	0.000	1.000	0	158
0.00093	0.00070	0.00122	0.000	0.000	0.138	0.000	1.000	0	158
0.00093	0.00070	0.00122	0.000	0.000	0.138	0.000	1.000	0	158
0.00093	0.00070	0.00122	0.000	0.000	0.138	0.000	1.000	0	158
0.00093	0.00070	0.00120	0.000	0.000	0.136	0.000	1.000	0	156
0.00092	0.00069	0.00120	0.000	0.000	0.139	0.000	1.000	0	159
0.00092	0.00069	0.00120	0.000	0.000	0.139	0.000	1.000	0	159
0.00092	0.00069	0.00120	0.000	0.000	0.139	0.000	1.000	0	159
0.00092	0.00068	0.00120	0.000	0.000	0.140	0.000	1.000	0	160
0.00092	0.00068	0.00117	0.000	0.000	0.136	0.000	1.000	0	156
0.00091	0.00066	0.00117	0.000	0.000	0.142	0.000	1.000	0	162
0.00091	0.00066	0.00117	0.000	0.000	0.142	0.000	1.000	0	162
0.00091	0.00066	0.00117	0.000	0.000	0.142	0.000	1.000	0	162
0.00091	0.00066	0.00117	0.000	0.000	0.142	0.000	1.000	0	162
0.00091	0.00066	0.00117	0.000	0.000	0.142	0.000	1.000	0	162
0.00090	0.00066	0.00114	0.000	0.000	0.136	0.000	1.000	0	156
0.00090	0.00066	0.00114	0.000	0.000	0.136	0.000	1.000	0	156
0.00090	0.00066	0.00114	0.000	0.000	0.136	0.000	1.000	0	156
0.00090	0.00066	0.00114	0.000	0.000	0.136	0.000	1.000	0	156
0.00089	0.00063	0.00114	0.000	0.000	0.141	0.000	1.000	0	161
0.00089	0.00063	0.00114	0.000	0.000	0.141	0.000	1.000	0	161
0.00089	0.00063	0.00113	0.000	0.000	0.140	0.000	1.000	0	160
0.00089	0.00063	0.00113	0.000	0.000	0.140	0.000	1.000	0	160
0.00088	0.00063	0.00111	0.000	0.000	0.134	0.000	1.000	0	153
0.00088	0.00063	0.00111	0.000	0.000	0.134	0.000	1.000	0	153
0.00087	0.00062	0.00111	0.000	0.000	0.136	0.000	1.000	0	156
0.00087	0.00061	0.00111	0.000	0.000	0.137	0.000	1.000	0	157
0.00087	0.00061	0.00111	0.000	0.000	0.137	0.000	1.000	0	157
0.00087	0.00061	0.00111	0.000	0.000	0.137	0.000	1.000	0	157
0.00087	0.00061	0.00111	0.000	0.000	0.137	0.000	1.000	0	157
0.00087	0.00061	0.00111	0.000	0.000	0.137	0.000	1.000	0	157
0.00087	0.00061	0.00111	0.000	0.000	0.137	0.000	1.000	0	157
0.00087	0.00061	0.00110	0.000	0.000	0.136	0.000	1.000	0	156
0.00087	0.00061	0.00110	0.000	0.000	0.136	0.000	1.000	0	156
0.00086	0.00059	0.00110	0.000	0.000	0.140	0.000	1.000	0	160
0.00086	0.00059	0.00110	0.000	0.000	0.140	0.000	1.000	0	160
0.00086	0.00059	0.00110	0.000	0.000	0.140	0.000	1.000	0	160
0.00086	0.00059	0.00110	0.000	0.000	0.140	0.000	1.000	0	160
0.00085	0.00057	0.00110	0.000	0.000	0.144	0.000	1.000	0	165
0.00085	0.00057	0.00110	0.000	0.000	0.144	0.000	1.000	0	165
0.00085	0.00057	0.00110	0.000	0.000	0.144	0.000	1.000	0	165
0.00085	0.00057	0.00110	0.000	0.000	0.144	0.000	1.000	0	165
0.00085	0.00057	0.00110	0.000	0.000	0.144	0.000	1.000	0	165
0.00084	0.00057	0.00106	0.000	0.000	0.136	0.000	1.000	0	155
0.00083	0.00054	0.00106	0.000	0.000	0.137	0.000	1.000	0	157
0.00083	0.00054	0.00106	0.000	0.000	0.137	0.000	1.000	0	157
0.00083	0.00054	0.00106	0.000	0.000	0.137	0.000	1.000	0	157
0.00083	0.00054	0.00106	0.000	0.000	0.137	0.000	1.000	0	157
0.00083	0.00054	0.00106	0.000	0.000	0.137	0.000	1.000	0	157
0.00081	0.00053	0.00106	0.000	0.000	0.148	0.000	1.000	0	169
0.00081	0.00053	0.00106	0.000	0.000	0.148	0.000	1.000	0	169
0.00081	0.00053	0.00106	0.000	0.000	0.148	0.000	1.000	0	169
0.00080	0.00051	0.00106	0.000	0.000	0.153	0.000	1.000	0	175
0.00079	0.00049	0.00106	0.000	0.000	0.157	0.000	1.000	0	180
0.00079	0.00049	0.00106	0.000	0.000	0.157	0.000	1.000	0	180
0.00078	0.00049	0.00104	0.000	0.000	0.152	0.000	1.000	0	174
0.00078	0.00049	0.00104	0.000	0.000	0.152	0.000	1.000	0	174
0.00078	0.00048	0.00104	0.000	0.000	0.152	0.000	1.000	0	174
0.00078	0.00048	0.00104	0.000	0.000	0.152	0.000	1.000	0	174
0.00078	0.00048	0.00104	0.000	0.000	0.152	0.000	1.000	0	174
0.00078	0.00048	0.00104	0.000	0.000	0.152	0.000	1.000	0	174
0.00077	0.00047	0.00104	0.000	0.000	0.155	0.000	1.000	0	177
0.00077	0.00046	0.00104	0.000	0.000	0.156	0.000	1.000	0	178
0.00077	0.00046	0.00104	0.000	0.000	0.156	0.000	1.000	0	178
0.00076	0.00044	0.00102	0.000	0.000	0.160	0.000	1.000	0	183
0.00076	0.00044	0.00102	0.000	0.000	0.160	0.000	1.000	0	183
0.00076	0.00044	0.00102	0.000	0.000	0.160	0.000	1.000	0	183
0.00076	0.00044	0.00102	0.000	0.000	0.160	0.000	1.000	0	183
0.00076	0.00044	0.00102	0.000	0.000	0.160	0.000	1.000	0	183
0.00076	0.00044	0.00102	0.000	0.000	0.160	0.000	1.000	0	183
0.00076	0.00044	0.00102	0.000	0.000	0.160	0.000	1.000	0	183
0.00076	0.00044	0.00102	0.000	0.000	0.160	0.000	1.000	0	183
0.00076	0.00044	0.00102	0.000	0.000	0.160	0.000	1.000	0	183
0.00075	0.00044	0.00100	0.000	0.000	0.152	0.000	1.000	0	174
0.00075	0.00044	0.00100	0.000	0.000	0.152	0.000	1.000	0	174
0.00075	0.00044	0.00100	0.000	0.000	0.152	0.000	1.000	0	174
0.00074	0.00043	0.00100	0.000	0.000	0.157	0.000	1.000	0	179
0.00074	0.00043	0.00100	0.000	0.000	0.157	0.000	1.000	0	179
0.00072	0.00043	0.00098	0.000	0.000	0.147	0.000	1.000	0	168
0.00072	0.00043	0.00098	0.000	0.000	0.147	0.000	1.000	0	168
0.00072	0.00043	0.00098	0.000	0.000	0.147	0.000	1.000	0	168
0.00072	0.00043	0.00098	0.000	0.000	0.147	0.000	1.000	0	168
0.00070	0.00040	0.00097	0.000	0.000	0.147	0.000	1.000	0	168
0.00070	0.00040	0.00097	0.000	0.000	0.147	0.000	1.000	0	168
0.00070	0.00040	0.00097	0.000	0.000	0.147	0.000	1.000	0	168
0.00070	0.00040	0.00097	0.000	0.000	0.147	0.000	1.000	0	168
0.00070	0.00040	0.00097	0.000	0.000	0.147	0.000	1.000	0	168
0.00069	0.00040	0.00094	0.000	0.000	0.142	0.000	1.000	0	162
0.00069	0.00038	0.00094	0.000	0.000	0.143	0.000	1.000	0	163
0.00069	0.00038	0.00094	0.000	0.000	0.143	0.000	1.000	0	163
0.00067	0.00038	0.00093	0.000	0.000	0.136	0.000	1.000	0	155
0.00067	0.00037	0.00093	0.000	0.000	0.136	0.000	1.000	0	156
0.00067	0.00037	0.00093	0.000	0.000	0.136	0.000	1.000	0	156
0.00065	0.00037	0.00091	0.000	0.000	0.129	0.000	1.000	0	147
0.00065	0.00037	0.00091	0.000	0.000	0.129	0.000	1.000	0	147
0.00065	0.00037	0.00091	0.000	0.000	0.129	0.000	1.000	0	147
0.00065	0.00037	0.00091	0.000	0.000	0.129	0.000	1.000	0	147
0.00065	0.00037	0.00091	0.000	0.000	0.129	0.000	1.000	0	147
0.00064	0.00034	0.00091	0.000	0.000	0.133	0.000	1.000	0	152
0.00064	0.00034	0.00091	0.000	0.000	0.133	0.000	1.000	0	152
0.00064	0.00034	0.00091	0.000	0.000	0.133	0.000	1.000	0	152
0.00064	0.00034	0.00091	0.000	0.000	0.133	0.000	1.000	0	152
0.00064	0.00034	0.00091	0.000	0.000	0.133	0.000	1.000	0	152
0.00064	0.00031	0.00091	0.000	0.000	0.134	0.000	1.000	0	153
0.00064	0.00031	0.00091	0.000	0.000	0.134	0.000	1.000	0	153
0.00063	0.00031	0.00089	0.000	0.000	0.129	0.000	1.000	0	148
0.00063	0.00031	0.00089	0.000	0.000	0.129	0.000	1.000	0	147
0.00063	0.00031	0.00089	0.000	0.000	0.129	0.000	1.000	0	147
0.00063	0.00031	0.00089	0.000	0.000	0.129	0.000	1.000	0	147
0.00063	0.00031	0.00089	0.000	0.000	0.129	0.000	1.000	0	147
0.00062	0.00029	0.00089	0.000	0.000	0.131	0.000	1.000	0	150
0.00062	0.00029	0.00089	0.000	0.000	0.131	0.000	1.000	0	150
0.00062	0.00029	0.00089	0.000	0.000	0.131	0.000	1.000	0	150
0.00062	0.00029	0.00087	0.000	0.000	0.129	0.000	1.000	0	147
0.00062	0.00029	0.00087	0.000	0.000	0.129	0.000	1.000	0	147
0.00062	0.00029	0.00087	0.000	0.000	0.129	0.000	1.000	0	147
0.00062	0.00029	0.00087	0.000	0.000	0.129	0.000	1.000	0	147
0.00062	0.00022	0.00087	0.000	0.000	0.129	0.000	1.000	0	147
0.00061	0.00022	0.00085	0.000	0.000	0.125	0.000	1.000	0	143
0.00061	0.00022	0.00085	0.000	0.000	0.125	0.000	1.000	0	143
0.00061	0.00022	0.00085	0.000	0.000	0.125	0.000	1.000	0	143
0.00060	0.00022	0.00084	0.000	0.000	0.122	0.000	1.000	0	140
