Score	Lower bound	Upper bound	Likelihood	TPR	FPR	PPV	FDR	No. positives	No. negatives
0.91876	0.60500	1.00000	5.40475	1.0000	0.1850	0.2881	0.7119	17	42
0.86684	0.48387	1.00000	4.54000	1.0000	0.2203	0.2537	0.7463	17	50
0.86684	0.48387	1.00000	4.54000	1.0000	0.2203	0.2537	0.7463	17	50
0.86684	0.48387	1.00000	4.54000	1.0000	0.2203	0.2537	0.7463	17	50
0.85838	0.48387	0.99900	3.47176	0.7647	0.2203	0.2063	0.7937	13	50
0.85838	0.48387	0.99900	3.47176	0.7647	0.2203	0.2063	0.7937	13	50
0.85838	0.48387	0.99900	3.47176	0.7647	0.2203	0.2063	0.7937	13	50
0.85838	0.48387	0.99900	3.47176	0.7647	0.2203	0.2063	0.7937	13	50
0.85838	0.48387	0.99900	3.47176	0.7647	0.2203	0.2063	0.7937	13	50
0.84122	0.48093	0.99900	3.27525	0.7647	0.2335	0.1970	0.8030	13	53
0.84122	0.48093	0.99900	3.27525	0.7647	0.2335	0.1970	0.8030	13	53
0.84122	0.48093	0.99900	3.27525	0.7647	0.2335	0.1970	0.8030	13	53
0.80806	0.47750	0.99800	1.21390	0.2941	0.2423	0.0833	0.9167	5	55
0.79226	0.47574	0.99800	1.15112	0.2941	0.2555	0.0794	0.9206	5	58
0.76162	0.46913	0.99600	1.09450	0.2941	0.2687	0.0758	0.9242	5	61
0.70282	0.45216	0.99000	0.58910	0.1765	0.2996	0.0423	0.9577	3	68
0.62245	0.44651	0.92700	0.42390	0.1176	0.2775	0.0308	0.9692	2	63
0.57721	0.44089	0.91700	0.39860	0.1176	0.2952	0.0290	0.9710	2	67
0.52006	0.44067	0.81800	0.21890	0.0588	0.2687	0.0161	0.9839	1	61
0.51013	0.44067	0.81000	0.00000	0.0000	0.2643	0.0000	1.0000	0	60
0.51013	0.44067	0.81000	0.00000	0.0000	0.2643	0.0000	1.0000	0	60
0.50188	0.44000	0.81000	0.00000	0.0000	0.2996	0.0000	1.0000	0	68
0.48766	0.44000	0.80000	0.00000	0.0000	0.2863	0.0000	1.0000	0	65
0.48278	0.44000	0.78600	0.00000	0.0000	0.2819	0.0000	1.0000	0	64
0.47796	0.44000	0.75100	0.00000	0.0000	0.2775	0.0000	1.0000	0	63
0.47356	0.44000	0.72400	0.00000	0.0000	0.2731	0.0000	1.0000	0	62
0.47356	0.44000	0.72400	0.00000	0.0000	0.2731	0.0000	1.0000	0	62
0.46521	0.44000	0.68600	0.00000	0.0000	0.2643	0.0000	1.0000	0	60
0.46147	0.44000	0.60500	0.00000	0.0000	0.2599	0.0000	1.0000	0	59
0.45745	0.43960	0.48387	0.00000	0.0000	0.2775	0.0000	1.0000	0	63
0.45745	0.43960	0.48387	0.00000	0.0000	0.2775	0.0000	1.0000	0	63
0.45745	0.43960	0.48387	0.00000	0.0000	0.2775	0.0000	1.0000	0	63
0.45745	0.43960	0.48387	0.00000	0.0000	0.2775	0.0000	1.0000	0	63
0.45745	0.43960	0.48387	0.00000	0.0000	0.2775	0.0000	1.0000	0	63
0.45717	0.43898	0.48387	0.00000	0.0000	0.2819	0.0000	1.0000	0	64
0.45686	0.43722	0.48387	0.00000	0.0000	0.2863	0.0000	1.0000	0	65
0.45655	0.43678	0.48387	0.00000	0.0000	0.2907	0.0000	1.0000	0	66
0.45190	0.43471	0.48093	0.00000	0.0000	0.2687	0.0000	1.0000	0	61
0.45190	0.43471	0.48093	0.00000	0.0000	0.2687	0.0000	1.0000	0	61
0.45190	0.43471	0.48093	0.00000	0.0000	0.2687	0.0000	1.0000	0	61
0.45012	0.43427	0.47750	0.00000	0.0000	0.2599	0.0000	1.0000	0	59
0.44984	0.43338	0.47750	0.00000	0.0000	0.2643	0.0000	1.0000	0	60
0.44831	0.43150	0.47700	0.00000	0.0000	0.2643	0.0000	1.0000	0	60
0.44782	0.43150	0.47574	0.00000	0.0000	0.2599	0.0000	1.0000	0	59
0.44700	0.43084	0.47574	0.00000	0.0000	0.2731	0.0000	1.0000	0	62
0.44604	0.43084	0.47423	0.00000	0.0000	0.2643	0.0000	1.0000	0	60
0.44557	0.43084	0.46913	0.00000	0.0000	0.2599	0.0000	1.0000	0	59
0.44531	0.43041	0.46913	0.00000	0.0000	0.2643	0.0000	1.0000	0	60
0.44480	0.42923	0.46913	0.00000	0.0000	0.2731	0.0000	1.0000	0	62
0.44480	0.42923	0.46913	0.00000	0.0000	0.2731	0.0000	1.0000	0	62
0.44220	0.42894	0.46800	0.00000	0.0000	0.2731	0.0000	1.0000	0	62
0.44220	0.42894	0.46800	0.00000	0.0000	0.2731	0.0000	1.0000	0	62
0.44134	0.42894	0.46326	0.00000	0.0000	0.2643	0.0000	1.0000	0	60
0.44134	0.42894	0.46326	0.00000	0.0000	0.2643	0.0000	1.0000	0	60
0.44091	0.42798	0.46326	0.00000	0.0000	0.2731	0.0000	1.0000	0	62
0.43977	0.42798	0.46233	0.00000	0.0000	0.2599	0.0000	1.0000	0	59
0.43912	0.42398	0.46040	0.00000	0.0000	0.2599	0.0000	1.0000	0	59
0.43849	0.42307	0.45648	0.00000	0.0000	0.2599	0.0000	1.0000	0	59
0.43792	0.42271	0.45372	0.00000	0.0000	0.2599	0.0000	1.0000	0	59
0.43738	0.42197	0.45216	0.00000	0.0000	0.2599	0.0000	1.0000	0	59
0.43685	0.42102	0.45187	0.00000	0.0000	0.2599	0.0000	1.0000	0	59
0.43604	0.42003	0.44784	0.00000	0.0000	0.2643	0.0000	1.0000	0	60
0.43604	0.42003	0.44784	0.00000	0.0000	0.2643	0.0000	1.0000	0	60
0.43534	0.41819	0.44651	0.00000	0.0000	0.2599	0.0000	1.0000	0	59
0.43501	0.41530	0.44651	0.00000	0.0000	0.2643	0.0000	1.0000	0	60
0.43466	0.41376	0.44651	0.00000	0.0000	0.2687	0.0000	1.0000	0	61
0.43431	0.41319	0.44651	0.00000	0.0000	0.2731	0.0000	1.0000	0	62
0.43312	0.41298	0.44586	0.00000	0.0000	0.2599	0.0000	1.0000	0	59
0.43188	0.41215	0.44456	0.00000	0.0000	0.2687	0.0000	1.0000	0	61
0.43188	0.41215	0.44456	0.00000	0.0000	0.2687	0.0000	1.0000	0	61
0.43145	0.41215	0.44317	0.00000	0.0000	0.2599	0.0000	1.0000	0	59
0.43113	0.41181	0.44317	0.00000	0.0000	0.2643	0.0000	1.0000	0	60
0.43010	0.40967	0.44317	0.00000	0.0000	0.2775	0.0000	1.0000	0	63
0.42945	0.40967	0.44089	0.00000	0.0000	0.2643	0.0000	1.0000	0	60
0.42945	0.40967	0.44089	0.00000	0.0000	0.2643	0.0000	1.0000	0	60
0.42911	0.40878	0.44089	0.00000	0.0000	0.2687	0.0000	1.0000	0	61
0.42783	0.40832	0.44067	0.00000	0.0000	0.2643	0.0000	1.0000	0	60
0.42783	0.40832	0.44067	0.00000	0.0000	0.2643	0.0000	1.0000	0	60
0.42750	0.40801	0.44067	0.00000	0.0000	0.2687	0.0000	1.0000	0	61
0.42617	0.40733	0.44000	0.00000	0.0000	0.2643	0.0000	1.0000	0	60
0.42617	0.40733	0.44000	0.00000	0.0000	0.2643	0.0000	1.0000	0	60
0.42585	0.40653	0.44000	0.00000	0.0000	0.2687	0.0000	1.0000	0	61
0.42554	0.40640	0.44000	0.00000	0.0000	0.2731	0.0000	1.0000	0	62
0.42522	0.40580	0.44000	0.00000	0.0000	0.2775	0.0000	1.0000	0	63
0.42491	0.40537	0.44000	0.00000	0.0000	0.2819	0.0000	1.0000	0	64
0.42428	0.40385	0.44000	0.00000	0.0000	0.2907	0.0000	1.0000	0	66
0.42428	0.40385	0.44000	0.00000	0.0000	0.2907	0.0000	1.0000	0	66
0.42178	0.40282	0.43960	0.00000	0.0000	0.2599	0.0000	1.0000	0	59
0.42085	0.40263	0.43960	0.00000	0.0000	0.2731	0.0000	1.0000	0	62
0.42085	0.40263	0.43960	0.00000	0.0000	0.2731	0.0000	1.0000	0	62
0.42085	0.40263	0.43960	0.00000	0.0000	0.2731	0.0000	1.0000	0	62
0.42055	0.40162	0.43960	0.00000	0.0000	0.2775	0.0000	1.0000	0	63
0.41832	0.40148	0.43898	0.00000	0.0000	0.2643	0.0000	1.0000	0	60
0.41797	0.40148	0.43722	0.00000	0.0000	0.2599	0.0000	1.0000	0	59
0.41730	0.39752	0.43678	0.00000	0.0000	0.2599	0.0000	1.0000	0	59
0.41659	0.39478	0.43471	0.00000	0.0000	0.2599	0.0000	1.0000	0	59
0.41585	0.39414	0.43471	0.00000	0.0000	0.2687	0.0000	1.0000	0	61
0.41585	0.39414	0.43471	0.00000	0.0000	0.2687	0.0000	1.0000	0	61
0.41450	0.39260	0.43427	0.00000	0.0000	0.2599	0.0000	1.0000	0	59
0.41376	0.39039	0.43338	0.00000	0.0000	0.2599	0.0000	1.0000	0	59
0.41300	0.38851	0.43150	0.00000	0.0000	0.2599	0.0000	1.0000	0	59
0.41243	0.37904	0.43150	0.00000	0.0000	0.2643	0.0000	1.0000	0	60
0.41114	0.37419	0.43084	0.00000	0.0000	0.2599	0.0000	1.0000	0	59
0.41051	0.37382	0.43084	0.00000	0.0000	0.2643	0.0000	1.0000	0	60
0.40990	0.37283	0.43084	0.00000	0.0000	0.2687	0.0000	1.0000	0	61
0.40759	0.37207	0.43041	0.00000	0.0000	0.2643	0.0000	1.0000	0	60
0.40720	0.37207	0.42923	0.00000	0.0000	0.2599	0.0000	1.0000	0	59
0.40655	0.36788	0.42923	0.00000	0.0000	0.2643	0.0000	1.0000	0	60
0.40511	0.36708	0.42894	0.00000	0.0000	0.2599	0.0000	1.0000	0	59
0.40446	0.36608	0.42894	0.00000	0.0000	0.2643	0.0000	1.0000	0	60
0.40380	0.36419	0.42894	0.00000	0.0000	0.2687	0.0000	1.0000	0	61
0.40313	0.36207	0.42894	0.00000	0.0000	0.2731	0.0000	1.0000	0	62
0.40067	0.36131	0.42798	0.00000	0.0000	0.2599	0.0000	1.0000	0	59
0.40000	0.36083	0.42798	0.00000	0.0000	0.2643	0.0000	1.0000	0	60
0.39832	0.35678	0.42398	0.00000	0.0000	0.2599	0.0000	1.0000	0	59
0.39713	0.35360	0.42307	0.00000	0.0000	0.2599	0.0000	1.0000	0	59
0.39587	0.34859	0.42271	0.00000	0.0000	0.2599	0.0000	1.0000	0	59
0.39374	0.34542	0.42197	0.00000	0.0000	0.2643	0.0000	1.0000	0	60
0.39326	0.34542	0.42102	0.00000	0.0000	0.2599	0.0000	1.0000	0	59
0.39092	0.33692	0.42003	0.00000	0.0000	0.2643	0.0000	1.0000	0	60
0.39092	0.33692	0.42003	0.00000	0.0000	0.2643	0.0000	1.0000	0	60
0.38893	0.33159	0.41819	0.00000	0.0000	0.2599	0.0000	1.0000	0	59
0.38627	0.32389	0.41530	0.00000	0.0000	0.2643	0.0000	1.0000	0	60
0.38578	0.32389	0.41376	0.00000	0.0000	0.2599	0.0000	1.0000	0	59
0.38309	0.31900	0.41319	0.00000	0.0000	0.2643	0.0000	1.0000	0	60
0.38258	0.31900	0.41298	0.00000	0.0000	0.2599	0.0000	1.0000	0	59
0.38091	0.31473	0.41215	0.00000	0.0000	0.2599	0.0000	1.0000	0	59
0.37971	0.30908	0.41215	0.00000	0.0000	0.2643	0.0000	1.0000	0	60
0.37852	0.30696	0.41215	0.00000	0.0000	0.2687	0.0000	1.0000	0	61
0.37556	0.30472	0.41181	0.00000	0.0000	0.2599	0.0000	1.0000	0	59
0.37362	0.29744	0.40967	0.00000	0.0000	0.2599	0.0000	1.0000	0	59
0.37234	0.29684	0.40967	0.00000	0.0000	0.2643	0.0000	1.0000	0	60
0.37110	0.29670	0.40967	0.00000	0.0000	0.2687	0.0000	1.0000	0	61
0.36771	0.28669	0.40878	0.00000	0.0000	0.2599	0.0000	1.0000	0	59
0.36556	0.28184	0.40832	0.00000	0.0000	0.2599	0.0000	1.0000	0	59
0.36408	0.27664	0.40832	0.00000	0.0000	0.2643	0.0000	1.0000	0	60
0.36092	0.26606	0.40801	0.00000	0.0000	0.2599	0.0000	1.0000	0	59
0.35844	0.26167	0.40733	0.00000	0.0000	0.2599	0.0000	1.0000	0	59
0.35673	0.25613	0.40733	0.00000	0.0000	0.2643	0.0000	1.0000	0	60
0.35320	0.24979	0.40653	0.00000	0.0000	0.2599	0.0000	1.0000	0	59
0.35017	0.22768	0.40640	0.00000	0.0000	0.2599	0.0000	1.0000	0	59
0.34511	0.22640	0.40580	0.00000	0.0000	0.2643	0.0000	1.0000	0	60
0.34408	0.22640	0.40537	0.00000	0.0000	0.2599	0.0000	1.0000	0	59
0.34102	0.22499	0.40385	0.00000	0.0000	0.2599	0.0000	1.0000	0	59
0.33901	0.22046	0.40385	0.00000	0.0000	0.2643	0.0000	1.0000	0	60
0.33466	0.21170	0.40282	0.00000	0.0000	0.2599	0.0000	1.0000	0	59
0.33135	0.20794	0.40263	0.00000	0.0000	0.2599	0.0000	1.0000	0	59
0.32728	0.20715	0.40263	0.00000	0.0000	0.2687	0.0000	1.0000	0	61
0.32728	0.20715	0.40263	0.00000	0.0000	0.2687	0.0000	1.0000	0	61
0.32134	0.20253	0.40162	0.00000	0.0000	0.2599	0.0000	1.0000	0	59
0.31599	0.20118	0.40148	0.00000	0.0000	0.2643	0.0000	1.0000	0	60
0.31599	0.20118	0.40148	0.00000	0.0000	0.2643	0.0000	1.0000	0	60
0.31087	0.18465	0.39752	0.00000	0.0000	0.2599	0.0000	1.0000	0	59
0.30707	0.17335	0.39478	0.00000	0.0000	0.2599	0.0000	1.0000	0	59
0.30278	0.14167	0.39414	0.00000	0.0000	0.2599	0.0000	1.0000	0	59
0.30004	0.13835	0.39414	0.00000	0.0000	0.2643	0.0000	1.0000	0	60
