Score	Lower bound	Upper bound	Likelihood	TPR	FPR	PPV	FDR	No. positives	No. negatives
0.99892	0.99800	0.99900	8.00285	0.5577	0.0697	0.5918	0.4082	29	20
0.99892	0.99800	0.99900	8.00285	0.5577	0.0697	0.5918	0.4082	29	20
0.99892	0.99800	0.99900	8.00285	0.5577	0.0697	0.5918	0.4082	29	20
0.99280	0.97600	0.99900	7.60756	0.9808	0.1289	0.5795	0.4205	51	37
0.99280	0.97600	0.99900	7.60756	0.9808	0.1289	0.5795	0.4205	51	37
0.99280	0.97600	0.99900	7.60756	0.9808	0.1289	0.5795	0.4205	51	37
0.99280	0.97600	0.99900	7.60756	0.9808	0.1289	0.5795	0.4205	51	37
0.99280	0.97600	0.99900	7.60756	0.9808	0.1289	0.5795	0.4205	51	37
0.99280	0.97600	0.99900	7.60756	0.9808	0.1289	0.5795	0.4205	51	37
0.99280	0.97600	0.99900	7.60756	0.9808	0.1289	0.5795	0.4205	51	37
0.99280	0.97600	0.99900	7.60756	0.9808	0.1289	0.5795	0.4205	51	37
0.99280	0.97600	0.99900	7.60756	0.9808	0.1289	0.5795	0.4205	51	37
0.99280	0.97600	0.99900	7.60756	0.9808	0.1289	0.5795	0.4205	51	37
0.99280	0.97600	0.99900	7.60756	0.9808	0.1289	0.5795	0.4205	51	37
0.99280	0.97600	0.99900	7.60756	0.9808	0.1289	0.5795	0.4205	51	37
0.99280	0.97600	0.99900	7.60756	0.9808	0.1289	0.5795	0.4205	51	37
0.99280	0.97600	0.99900	7.60756	0.9808	0.1289	0.5795	0.4205	51	37
0.99280	0.97600	0.99900	7.60756	0.9808	0.1289	0.5795	0.4205	51	37
0.99224	0.96800	0.99900	7.21743	0.9808	0.1359	0.5667	0.4333	51	39
0.99224	0.96800	0.99900	7.21743	0.9808	0.1359	0.5667	0.4333	51	39
0.88335	0.47178	0.99900	3.63291	1.0000	0.2753	0.3969	0.6031	52	79
0.76326	0.47178	0.97600	2.69544	0.4038	0.1498	0.3281	0.6719	21	43
0.76326	0.47178	0.97600	2.69544	0.4038	0.1498	0.3281	0.6719	21	43
0.76326	0.47178	0.97600	2.69544	0.4038	0.1498	0.3281	0.6719	21	43
0.76326	0.47178	0.97600	2.69544	0.4038	0.1498	0.3281	0.6719	21	43
0.71277	0.46420	0.97600	2.06971	0.4038	0.1951	0.2727	0.7273	21	56
0.71277	0.46420	0.97600	2.06971	0.4038	0.1951	0.2727	0.7273	21	56
0.71277	0.46420	0.97600	2.06971	0.4038	0.1951	0.2727	0.7273	21	56
0.61406	0.46420	0.96800	0.10035	0.0192	0.1916	0.0179	0.9821	1	55
0.58145	0.46420	0.91200	0.00000	0.0000	0.1777	0.0000	1.0000	0	51
0.58145	0.46420	0.91200	0.00000	0.0000	0.1777	0.0000	1.0000	0	51
0.56796	0.46420	0.86100	0.00000	0.0000	0.1707	0.0000	1.0000	0	49
0.56186	0.46420	0.82900	0.00000	0.0000	0.1672	0.0000	1.0000	0	48
0.56186	0.46420	0.82900	0.00000	0.0000	0.1672	0.0000	1.0000	0	48
0.54815	0.45184	0.82700	0.00000	0.0000	0.1638	0.0000	1.0000	0	47
0.53824	0.44970	0.82500	0.00000	0.0000	0.1672	0.0000	1.0000	0	48
0.53214	0.44970	0.81700	0.00000	0.0000	0.1638	0.0000	1.0000	0	47
0.52855	0.44418	0.81700	0.00000	0.0000	0.1707	0.0000	1.0000	0	49
0.51627	0.44418	0.81500	0.00000	0.0000	0.1638	0.0000	1.0000	0	47
0.51474	0.44259	0.81500	0.00000	0.0000	0.1672	0.0000	1.0000	0	48
0.51316	0.43734	0.81500	0.00000	0.0000	0.1707	0.0000	1.0000	0	49
0.48882	0.43538	0.78000	0.00000	0.0000	0.1742	0.0000	1.0000	0	50
0.48882	0.43538	0.78000	0.00000	0.0000	0.1742	0.0000	1.0000	0	50
0.48882	0.43538	0.78000	0.00000	0.0000	0.1742	0.0000	1.0000	0	50
0.47024	0.43538	0.59600	0.00000	0.0000	0.1638	0.0000	1.0000	0	47
0.46605	0.43264	0.49598	0.00000	0.0000	0.1672	0.0000	1.0000	0	48
0.46605	0.43264	0.49598	0.00000	0.0000	0.1672	0.0000	1.0000	0	48
0.46287	0.42462	0.49598	0.00000	0.0000	0.1812	0.0000	1.0000	0	52
0.46084	0.42462	0.48975	0.00000	0.0000	0.1707	0.0000	1.0000	0	49
0.46084	0.42462	0.48975	0.00000	0.0000	0.1707	0.0000	1.0000	0	49
0.45961	0.42462	0.48963	0.00000	0.0000	0.1638	0.0000	1.0000	0	47
0.45619	0.42404	0.48963	0.00000	0.0000	0.1812	0.0000	1.0000	0	52
0.45619	0.42404	0.48963	0.00000	0.0000	0.1812	0.0000	1.0000	0	52
0.45619	0.42404	0.48963	0.00000	0.0000	0.1812	0.0000	1.0000	0	52
0.45341	0.42404	0.48843	0.00000	0.0000	0.1672	0.0000	1.0000	0	48
0.45206	0.42399	0.48722	0.00000	0.0000	0.1672	0.0000	1.0000	0	48
0.45131	0.42399	0.47800	0.00000	0.0000	0.1638	0.0000	1.0000	0	47
0.45010	0.42107	0.47569	0.00000	0.0000	0.1638	0.0000	1.0000	0	47
0.44773	0.41978	0.47569	0.00000	0.0000	0.1777	0.0000	1.0000	0	51
0.44658	0.41978	0.47396	0.00000	0.0000	0.1707	0.0000	1.0000	0	49
0.44658	0.41978	0.47396	0.00000	0.0000	0.1707	0.0000	1.0000	0	49
0.44542	0.41978	0.47178	0.00000	0.0000	0.1638	0.0000	1.0000	0	47
0.44487	0.41931	0.47178	0.00000	0.0000	0.1672	0.0000	1.0000	0	48
0.44433	0.41836	0.47178	0.00000	0.0000	0.1707	0.0000	1.0000	0	49
0.44265	0.41518	0.47178	0.00000	0.0000	0.1812	0.0000	1.0000	0	52
0.44265	0.41518	0.47178	0.00000	0.0000	0.1812	0.0000	1.0000	0	52
0.44265	0.41518	0.47178	0.00000	0.0000	0.1812	0.0000	1.0000	0	52
0.43818	0.40705	0.46420	0.00000	0.0000	0.1638	0.0000	1.0000	0	47
0.43745	0.40329	0.46420	0.00000	0.0000	0.1672	0.0000	1.0000	0	48
0.43600	0.40116	0.46420	0.00000	0.0000	0.1742	0.0000	1.0000	0	50
0.43600	0.40116	0.46420	0.00000	0.0000	0.1742	0.0000	1.0000	0	50
0.43529	0.39980	0.46420	0.00000	0.0000	0.1777	0.0000	1.0000	0	51
0.43387	0.39780	0.46420	0.00000	0.0000	0.1847	0.0000	1.0000	0	53
0.43387	0.39780	0.46420	0.00000	0.0000	0.1847	0.0000	1.0000	0	53
0.43318	0.39640	0.46420	0.00000	0.0000	0.1882	0.0000	1.0000	0	54
0.43122	0.39600	0.46420	0.00000	0.0000	0.1986	0.0000	1.0000	0	57
0.43122	0.39600	0.46420	0.00000	0.0000	0.1986	0.0000	1.0000	0	57
0.43122	0.39600	0.46420	0.00000	0.0000	0.1986	0.0000	1.0000	0	57
0.43061	0.39566	0.46420	0.00000	0.0000	0.2021	0.0000	1.0000	0	58
0.42999	0.39422	0.46420	0.00000	0.0000	0.2056	0.0000	1.0000	0	59
0.41966	0.38915	0.45184	0.00000	0.0000	0.1638	0.0000	1.0000	0	47
0.41830	0.38779	0.44970	0.00000	0.0000	0.1638	0.0000	1.0000	0	47
0.41766	0.38763	0.44970	0.00000	0.0000	0.1672	0.0000	1.0000	0	48
0.41450	0.38740	0.44418	0.00000	0.0000	0.1707	0.0000	1.0000	0	49
0.41450	0.38740	0.44418	0.00000	0.0000	0.1707	0.0000	1.0000	0	49
0.41324	0.38740	0.44259	0.00000	0.0000	0.1638	0.0000	1.0000	0	47
0.41201	0.38480	0.43734	0.00000	0.0000	0.1638	0.0000	1.0000	0	47
0.41087	0.38362	0.43538	0.00000	0.0000	0.1638	0.0000	1.0000	0	47
0.41027	0.38215	0.43538	0.00000	0.0000	0.1672	0.0000	1.0000	0	48
0.40734	0.37924	0.43538	0.00000	0.0000	0.1847	0.0000	1.0000	0	53
0.40734	0.37924	0.43538	0.00000	0.0000	0.1847	0.0000	1.0000	0	53
0.40505	0.37924	0.43264	0.00000	0.0000	0.1707	0.0000	1.0000	0	49
0.40505	0.37924	0.43264	0.00000	0.0000	0.1707	0.0000	1.0000	0	49
0.40388	0.37924	0.42462	0.00000	0.0000	0.1638	0.0000	1.0000	0	47
0.40281	0.37769	0.42462	0.00000	0.0000	0.1707	0.0000	1.0000	0	49
0.40281	0.37769	0.42462	0.00000	0.0000	0.1707	0.0000	1.0000	0	49
0.40227	0.37587	0.42462	0.00000	0.0000	0.1742	0.0000	1.0000	0	50
0.39975	0.37331	0.42410	0.00000	0.0000	0.1638	0.0000	1.0000	0	47
0.39916	0.37132	0.42410	0.00000	0.0000	0.1672	0.0000	1.0000	0	48
0.39856	0.36962	0.42410	0.00000	0.0000	0.1707	0.0000	1.0000	0	49
0.39680	0.36812	0.42410	0.00000	0.0000	0.1812	0.0000	1.0000	0	52
0.39680	0.36812	0.42410	0.00000	0.0000	0.1812	0.0000	1.0000	0	52
0.39452	0.36812	0.42404	0.00000	0.0000	0.1672	0.0000	1.0000	0	48
0.39268	0.36680	0.42107	0.00000	0.0000	0.1638	0.0000	1.0000	0	47
0.39047	0.36608	0.41978	0.00000	0.0000	0.1707	0.0000	1.0000	0	49
0.39047	0.36608	0.41978	0.00000	0.0000	0.1707	0.0000	1.0000	0	49
0.39047	0.36608	0.41978	0.00000	0.0000	0.1707	0.0000	1.0000	0	49
0.38993	0.36331	0.41978	0.00000	0.0000	0.1742	0.0000	1.0000	0	50
0.38682	0.36315	0.41931	0.00000	0.0000	0.1638	0.0000	1.0000	0	47
0.38288	0.36165	0.41836	0.00000	0.0000	0.1847	0.0000	1.0000	0	53
0.38220	0.36165	0.41518	0.00000	0.0000	0.1812	0.0000	1.0000	0	52
0.38220	0.36165	0.41518	0.00000	0.0000	0.1812	0.0000	1.0000	0	52
0.38220	0.36165	0.41518	0.00000	0.0000	0.1812	0.0000	1.0000	0	52
0.38018	0.36165	0.40705	0.00000	0.0000	0.1707	0.0000	1.0000	0	49
0.37962	0.36165	0.40329	0.00000	0.0000	0.1672	0.0000	1.0000	0	48
0.37912	0.36165	0.40116	0.00000	0.0000	0.1638	0.0000	1.0000	0	47
0.37873	0.36065	0.40116	0.00000	0.0000	0.1672	0.0000	1.0000	0	48
0.37736	0.35908	0.39980	0.00000	0.0000	0.1638	0.0000	1.0000	0	47
0.37646	0.35741	0.39780	0.00000	0.0000	0.1638	0.0000	1.0000	0	47
0.37530	0.35713	0.39780	0.00000	0.0000	0.1742	0.0000	1.0000	0	50
0.37436	0.35713	0.39640	0.00000	0.0000	0.1672	0.0000	1.0000	0	48
0.37389	0.35713	0.39600	0.00000	0.0000	0.1638	0.0000	1.0000	0	47
0.37336	0.34856	0.39600	0.00000	0.0000	0.1672	0.0000	1.0000	0	48
0.37281	0.34622	0.39600	0.00000	0.0000	0.1707	0.0000	1.0000	0	49
0.36906	0.34329	0.39566	0.00000	0.0000	0.1742	0.0000	1.0000	0	50
0.36852	0.34329	0.39422	0.00000	0.0000	0.1707	0.0000	1.0000	0	49
0.36798	0.34329	0.38915	0.00000	0.0000	0.1672	0.0000	1.0000	0	48
0.36753	0.34329	0.38779	0.00000	0.0000	0.1638	0.0000	1.0000	0	47
0.36657	0.34252	0.38763	0.00000	0.0000	0.1638	0.0000	1.0000	0	47
0.36554	0.33949	0.38740	0.00000	0.0000	0.1638	0.0000	1.0000	0	47
0.36499	0.33918	0.38740	0.00000	0.0000	0.1672	0.0000	1.0000	0	48
0.36436	0.33413	0.38740	0.00000	0.0000	0.1707	0.0000	1.0000	0	49
0.36221	0.33217	0.38480	0.00000	0.0000	0.1638	0.0000	1.0000	0	47
0.35987	0.33153	0.38362	0.00000	0.0000	0.1707	0.0000	1.0000	0	49
0.35937	0.33153	0.38215	0.00000	0.0000	0.1672	0.0000	1.0000	0	48
0.35889	0.33153	0.37924	0.00000	0.0000	0.1638	0.0000	1.0000	0	47
0.35830	0.33057	0.37924	0.00000	0.0000	0.1672	0.0000	1.0000	0	48
0.35773	0.33037	0.37924	0.00000	0.0000	0.1707	0.0000	1.0000	0	49
0.35642	0.32448	0.37924	0.00000	0.0000	0.1777	0.0000	1.0000	0	51
0.35642	0.32448	0.37924	0.00000	0.0000	0.1777	0.0000	1.0000	0	51
0.35330	0.32343	0.37770	0.00000	0.0000	0.1638	0.0000	1.0000	0	47
0.34615	0.31817	0.37770	0.00000	0.0000	0.2056	0.0000	1.0000	0	59
0.34504	0.31817	0.37587	0.00000	0.0000	0.1986	0.0000	1.0000	0	57
0.34449	0.31817	0.37331	0.00000	0.0000	0.1951	0.0000	1.0000	0	56
0.34397	0.31817	0.37132	0.00000	0.0000	0.1916	0.0000	1.0000	0	55
0.34346	0.31817	0.36962	0.00000	0.0000	0.1882	0.0000	1.0000	0	54
0.34297	0.31817	0.36812	0.00000	0.0000	0.1847	0.0000	1.0000	0	53
0.34297	0.31817	0.36812	0.00000	0.0000	0.1847	0.0000	1.0000	0	53
0.34297	0.31817	0.36812	0.00000	0.0000	0.1847	0.0000	1.0000	0	53
0.34146	0.31817	0.36680	0.00000	0.0000	0.1742	0.0000	1.0000	0	50
0.34094	0.31817	0.36608	0.00000	0.0000	0.1707	0.0000	1.0000	0	49
0.34094	0.31817	0.36608	0.00000	0.0000	0.1707	0.0000	1.0000	0	49
0.34094	0.31817	0.36608	0.00000	0.0000	0.1707	0.0000	1.0000	0	49
0.33451	0.31753	0.36331	0.00000	0.0000	0.2056	0.0000	1.0000	0	59
0.33401	0.31753	0.36315	0.00000	0.0000	0.2021	0.0000	1.0000	0	58
0.33350	0.31753	0.36165	0.00000	0.0000	0.1986	0.0000	1.0000	0	57
0.33350	0.31753	0.36165	0.00000	0.0000	0.1986	0.0000	1.0000	0	57
0.33350	0.31753	0.36165	0.00000	0.0000	0.1986	0.0000	1.0000	0	57
0.33350	0.31753	0.36165	0.00000	0.0000	0.1986	0.0000	1.0000	0	57
0.33350	0.31753	0.36165	0.00000	0.0000	0.1986	0.0000	1.0000	0	57
0.33350	0.31753	0.36165	0.00000	0.0000	0.1986	0.0000	1.0000	0	57
0.33350	0.31753	0.36165	0.00000	0.0000	0.1986	0.0000	1.0000	0	57
0.32956	0.31753	0.36065	0.00000	0.0000	0.1742	0.0000	1.0000	0	50
0.32892	0.31753	0.35908	0.00000	0.0000	0.1707	0.0000	1.0000	0	49
0.32830	0.31753	0.35741	0.00000	0.0000	0.1672	0.0000	1.0000	0	48
0.32768	0.31753	0.35713	0.00000	0.0000	0.1638	0.0000	1.0000	0	47
0.32746	0.31715	0.35713	0.00000	0.0000	0.1672	0.0000	1.0000	0	48
0.32709	0.30966	0.35713	0.00000	0.0000	0.1707	0.0000	1.0000	0	49
0.32480	0.30930	0.34856	0.00000	0.0000	0.1638	0.0000	1.0000	0	47
0.32357	0.30719	0.34622	0.00000	0.0000	0.1672	0.0000	1.0000	0	48
0.32309	0.30719	0.34339	0.00000	0.0000	0.1638	0.0000	1.0000	0	47
0.32210	0.29880	0.34339	0.00000	0.0000	0.1707	0.0000	1.0000	0	49
0.32210	0.29880	0.34339	0.00000	0.0000	0.1707	0.0000	1.0000	0	49
0.32000	0.29429	0.34339	0.00000	0.0000	0.1847	0.0000	1.0000	0	53
0.31809	0.29429	0.34252	0.00000	0.0000	0.1707	0.0000	1.0000	0	49
0.31759	0.29429	0.33949	0.00000	0.0000	0.1672	0.0000	1.0000	0	48
0.31712	0.29429	0.33918	0.00000	0.0000	0.1638	0.0000	1.0000	0	47
0.31616	0.29400	0.33413	0.00000	0.0000	0.1638	0.0000	1.0000	0	47
0.31508	0.28340	0.33217	0.00000	0.0000	0.1638	0.0000	1.0000	0	47
0.31395	0.27909	0.33153	0.00000	0.0000	0.1638	0.0000	1.0000	0	47
0.31315	0.27569	0.33153	0.00000	0.0000	0.1672	0.0000	1.0000	0	48
0.31234	0.27326	0.33153	0.00000	0.0000	0.1707	0.0000	1.0000	0	49
0.30917	0.26513	0.33057	0.00000	0.0000	0.1672	0.0000	1.0000	0	48
0.30872	0.26513	0.33037	0.00000	0.0000	0.1638	0.0000	1.0000	0	47
0.30507	0.25641	0.32448	0.00000	0.0000	0.1707	0.0000	1.0000	0	49
0.30507	0.25641	0.32448	0.00000	0.0000	0.1707	0.0000	1.0000	0	49
0.30425	0.25641	0.32343	0.00000	0.0000	0.1638	0.0000	1.0000	0	47
0.30275	0.25304	0.31817	0.00000	0.0000	0.1638	0.0000	1.0000	0	47
0.30071	0.25291	0.31817	0.00000	0.0000	0.1707	0.0000	1.0000	0	49
0.30071	0.25291	0.31817	0.00000	0.0000	0.1707	0.0000	1.0000	0	49
0.29949	0.23966	0.31817	0.00000	0.0000	0.1742	0.0000	1.0000	0	50
0.29575	0.23332	0.31817	0.00000	0.0000	0.1847	0.0000	1.0000	0	53
0.29575	0.23332	0.31817	0.00000	0.0000	0.1847	0.0000	1.0000	0	53
0.29575	0.23332	0.31817	0.00000	0.0000	0.1847	0.0000	1.0000	0	53
0.29203	0.22638	0.31817	0.00000	0.0000	0.1951	0.0000	1.0000	0	56
0.29203	0.22638	0.31817	0.00000	0.0000	0.1951	0.0000	1.0000	0	56
0.29203	0.22638	0.31817	0.00000	0.0000	0.1951	0.0000	1.0000	0	56
0.29084	0.22427	0.31817	0.00000	0.0000	0.1986	0.0000	1.0000	0	57
0.28964	0.22094	0.31817	0.00000	0.0000	0.2021	0.0000	1.0000	0	58
0.28084	0.21844	0.31753	0.00000	0.0000	0.1638	0.0000	1.0000	0	47
0.27816	0.21517	0.31753	0.00000	0.0000	0.1707	0.0000	1.0000	0	49
0.27816	0.21517	0.31753	0.00000	0.0000	0.1707	0.0000	1.0000	0	49
0.27689	0.21490	0.31753	0.00000	0.0000	0.1742	0.0000	1.0000	0	50
0.27559	0.21056	0.31753	0.00000	0.0000	0.1777	0.0000	1.0000	0	51
0.27297	0.20620	0.31753	0.00000	0.0000	0.1847	0.0000	1.0000	0	53
0.27297	0.20620	0.31753	0.00000	0.0000	0.1847	0.0000	1.0000	0	53
0.26886	0.19625	0.31753	0.00000	0.0000	0.1951	0.0000	1.0000	0	56
0.26886	0.19625	0.31753	0.00000	0.0000	0.1951	0.0000	1.0000	0	56
0.26886	0.19625	0.31753	0.00000	0.0000	0.1951	0.0000	1.0000	0	56
0.26755	0.19428	0.31753	0.00000	0.0000	0.1986	0.0000	1.0000	0	57
0.26626	0.19268	0.31753	0.00000	0.0000	0.2021	0.0000	1.0000	0	58
0.26500	0.19162	0.31753	0.00000	0.0000	0.2056	0.0000	1.0000	0	59
0.24643	0.18928	0.31715	0.00000	0.0000	0.1707	0.0000	1.0000	0	49
0.24495	0.18928	0.30966	0.00000	0.0000	0.1672	0.0000	1.0000	0	48
0.24358	0.18928	0.30930	0.00000	0.0000	0.1638	0.0000	1.0000	0	47
0.24097	0.18688	0.30719	0.00000	0.0000	0.1638	0.0000	1.0000	0	47
0.23844	0.17908	0.30719	0.00000	0.0000	0.1707	0.0000	1.0000	0	49
0.23552	0.17908	0.29880	0.00000	0.0000	0.1638	0.0000	1.0000	0	47
0.23315	0.17736	0.29880	0.00000	0.0000	0.1707	0.0000	1.0000	0	49
0.23035	0.17736	0.29429	0.00000	0.0000	0.1638	0.0000	1.0000	0	47
0.22914	0.17222	0.29429	0.00000	0.0000	0.1672	0.0000	1.0000	0	48
0.22796	0.17156	0.29429	0.00000	0.0000	0.1707	0.0000	1.0000	0	49
0.22680	0.16950	0.29429	0.00000	0.0000	0.1742	0.0000	1.0000	0	50
0.21980	0.16818	0.29400	0.00000	0.0000	0.1638	0.0000	1.0000	0	47
0.21710	0.16688	0.28340	0.00000	0.0000	0.1638	0.0000	1.0000	0	47
0.21356	0.16517	0.27909	0.00000	0.0000	0.1672	0.0000	1.0000	0	48
0.21216	0.16517	0.27569	0.00000	0.0000	0.1638	0.0000	1.0000	0	47
0.20852	0.15647	0.27326	0.00000	0.0000	0.1672	0.0000	1.0000	0	48
0.20714	0.15647	0.26513	0.00000	0.0000	0.1638	0.0000	1.0000	0	47
