Score	Lower bound	Upper bound	Likelihood	TPR	FPR	PPV	FDR	No. positives	No. negatives
0.83845	0.53828	1.00000	4.50980	1.0000	0.2217	0.2154	0.7846	14	51
0.82934	0.53326	1.00000	4.33962	1.0000	0.2304	0.2090	0.7910	14	53
0.82934	0.53326	1.00000	4.33962	1.0000	0.2304	0.2090	0.7910	14	53
0.81988	0.50315	1.00000	4.18181	1.0000	0.2391	0.2029	0.7971	14	55
0.81988	0.50315	1.00000	4.18181	1.0000	0.2391	0.2029	0.7971	14	55
0.81532	0.50078	1.00000	4.10714	1.0000	0.2435	0.2000	0.8000	14	56
0.80223	0.49661	1.00000	3.89830	1.0000	0.2565	0.1918	0.8082	14	59
0.80223	0.49661	1.00000	3.89830	1.0000	0.2565	0.1918	0.8082	14	59
0.80223	0.49661	1.00000	3.89830	1.0000	0.2565	0.1918	0.8082	14	59
0.79808	0.49564	1.00000	3.83333	1.0000	0.2609	0.1892	0.8108	14	60
0.78588	0.48495	1.00000	3.65079	1.0000	0.2739	0.1818	0.8182	14	63
0.78588	0.48495	1.00000	3.65079	1.0000	0.2739	0.1818	0.8182	14	63
0.78588	0.48495	1.00000	3.65079	1.0000	0.2739	0.1818	0.8182	14	63
0.73456	0.48387	0.99900	0.51339	0.1429	0.2783	0.0303	0.9697	2	64
0.73456	0.48387	0.99900	0.51339	0.1429	0.2783	0.0303	0.9697	2	64
0.73081	0.48349	0.99900	0.50549	0.1429	0.2826	0.0299	0.9701	2	65
0.72714	0.48112	0.99900	0.49784	0.1429	0.2870	0.0294	0.9706	2	66
0.69316	0.47570	0.99700	0.00000	0.0000	0.3000	0.0000	1.0000	0	69
0.68869	0.47570	0.99400	0.00000	0.0000	0.2957	0.0000	1.0000	0	68
0.68869	0.47570	0.99400	0.00000	0.0000	0.2957	0.0000	1.0000	0	68
0.68869	0.47570	0.99400	0.00000	0.0000	0.2957	0.0000	1.0000	0	68
0.68869	0.47570	0.99400	0.00000	0.0000	0.2957	0.0000	1.0000	0	68
0.66027	0.46115	0.99300	0.00000	0.0000	0.2913	0.0000	1.0000	0	67
0.66027	0.46115	0.99300	0.00000	0.0000	0.2913	0.0000	1.0000	0	67
0.66027	0.46115	0.99300	0.00000	0.0000	0.2913	0.0000	1.0000	0	67
0.65734	0.46092	0.99300	0.00000	0.0000	0.2957	0.0000	1.0000	0	68
0.65172	0.46046	0.99300	0.00000	0.0000	0.3043	0.0000	1.0000	0	70
0.62546	0.46046	0.99200	0.00000	0.0000	0.2826	0.0000	1.0000	0	65
0.61726	0.45901	0.98900	0.00000	0.0000	0.2826	0.0000	1.0000	0	65
0.60909	0.45791	0.94400	0.00000	0.0000	0.2826	0.0000	1.0000	0	65
0.59937	0.45579	0.93700	0.00000	0.0000	0.2870	0.0000	1.0000	0	66
0.59418	0.45579	0.93600	0.00000	0.0000	0.2826	0.0000	1.0000	0	65
0.57733	0.45458	0.90500	0.00000	0.0000	0.3043	0.0000	1.0000	0	70
0.57733	0.45458	0.90500	0.00000	0.0000	0.3043	0.0000	1.0000	0	70
0.56769	0.45458	0.90300	0.00000	0.0000	0.2957	0.0000	1.0000	0	68
0.56269	0.45458	0.84200	0.00000	0.0000	0.2913	0.0000	1.0000	0	67
0.56269	0.45458	0.84200	0.00000	0.0000	0.2913	0.0000	1.0000	0	67
0.55409	0.45458	0.82000	0.00000	0.0000	0.2826	0.0000	1.0000	0	65
0.55111	0.45422	0.82000	0.00000	0.0000	0.2913	0.0000	1.0000	0	67
0.54284	0.45422	0.76400	0.00000	0.0000	0.2826	0.0000	1.0000	0	65
0.54146	0.45200	0.76400	0.00000	0.0000	0.2870	0.0000	1.0000	0	66
0.54009	0.44924	0.76400	0.00000	0.0000	0.2913	0.0000	1.0000	0	67
0.53872	0.44724	0.76400	0.00000	0.0000	0.2957	0.0000	1.0000	0	68
0.53475	0.44466	0.76400	0.00000	0.0000	0.3087	0.0000	1.0000	0	71
0.51738	0.44466	0.70900	0.00000	0.0000	0.2870	0.0000	1.0000	0	66
0.51738	0.44466	0.70900	0.00000	0.0000	0.2870	0.0000	1.0000	0	66
0.50936	0.44451	0.67300	0.00000	0.0000	0.2870	0.0000	1.0000	0	66
0.50936	0.44451	0.67300	0.00000	0.0000	0.2870	0.0000	1.0000	0	66
0.50838	0.44339	0.67300	0.00000	0.0000	0.2913	0.0000	1.0000	0	67
0.49977	0.44273	0.66300	0.00000	0.0000	0.2826	0.0000	1.0000	0	65
0.49889	0.44140	0.66300	0.00000	0.0000	0.2870	0.0000	1.0000	0	66
0.48700	0.43889	0.66100	0.00000	0.0000	0.3174	0.0000	1.0000	0	73
0.48458	0.43889	0.63800	0.00000	0.0000	0.3130	0.0000	1.0000	0	72
0.48242	0.43889	0.60500	0.00000	0.0000	0.3087	0.0000	1.0000	0	71
0.48067	0.43889	0.60000	0.00000	0.0000	0.3043	0.0000	1.0000	0	70
0.48067	0.43889	0.60000	0.00000	0.0000	0.3043	0.0000	1.0000	0	70
0.48067	0.43889	0.60000	0.00000	0.0000	0.3043	0.0000	1.0000	0	70
0.48067	0.43889	0.60000	0.00000	0.0000	0.3043	0.0000	1.0000	0	70
0.48067	0.43889	0.60000	0.00000	0.0000	0.3043	0.0000	1.0000	0	70
0.47149	0.43889	0.55167	0.00000	0.0000	0.2826	0.0000	1.0000	0	65
0.46975	0.43869	0.53828	0.00000	0.0000	0.2826	0.0000	1.0000	0	65
0.46927	0.43828	0.53828	0.00000	0.0000	0.2870	0.0000	1.0000	0	66
0.46881	0.43799	0.53828	0.00000	0.0000	0.2913	0.0000	1.0000	0	67
0.46744	0.43687	0.53828	0.00000	0.0000	0.3043	0.0000	1.0000	0	70
0.46744	0.43687	0.53828	0.00000	0.0000	0.3043	0.0000	1.0000	0	70
0.46199	0.43687	0.53326	0.00000	0.0000	0.2826	0.0000	1.0000	0	65
0.46157	0.43455	0.53326	0.00000	0.0000	0.2870	0.0000	1.0000	0	66
0.45785	0.43411	0.50315	0.00000	0.0000	0.2957	0.0000	1.0000	0	68
0.45785	0.43411	0.50315	0.00000	0.0000	0.2957	0.0000	1.0000	0	68
0.45648	0.43411	0.50078	0.00000	0.0000	0.2870	0.0000	1.0000	0	66
0.45580	0.43411	0.49661	0.00000	0.0000	0.2826	0.0000	1.0000	0	65
0.45541	0.43025	0.49661	0.00000	0.0000	0.2870	0.0000	1.0000	0	66
0.45465	0.42947	0.49661	0.00000	0.0000	0.2957	0.0000	1.0000	0	68
0.45271	0.42947	0.49564	0.00000	0.0000	0.2826	0.0000	1.0000	0	65
0.45168	0.42904	0.48495	0.00000	0.0000	0.2826	0.0000	1.0000	0	65
0.45092	0.42622	0.48495	0.00000	0.0000	0.2913	0.0000	1.0000	0	67
0.45092	0.42622	0.48495	0.00000	0.0000	0.2913	0.0000	1.0000	0	67
0.44859	0.42494	0.48387	0.00000	0.0000	0.2870	0.0000	1.0000	0	66
0.44859	0.42494	0.48387	0.00000	0.0000	0.2870	0.0000	1.0000	0	66
0.44638	0.42269	0.48349	0.00000	0.0000	0.2913	0.0000	1.0000	0	67
0.44582	0.42269	0.48112	0.00000	0.0000	0.2870	0.0000	1.0000	0	66
0.44460	0.42268	0.47570	0.00000	0.0000	0.2913	0.0000	1.0000	0	67
0.44460	0.42268	0.47570	0.00000	0.0000	0.2913	0.0000	1.0000	0	67
0.44460	0.42268	0.47570	0.00000	0.0000	0.2913	0.0000	1.0000	0	67
0.44396	0.42238	0.47570	0.00000	0.0000	0.3000	0.0000	1.0000	0	69
0.44396	0.42238	0.47570	0.00000	0.0000	0.3000	0.0000	1.0000	0	69
0.44062	0.42225	0.46115	0.00000	0.0000	0.2913	0.0000	1.0000	0	67
0.44062	0.42225	0.46115	0.00000	0.0000	0.2913	0.0000	1.0000	0	67
0.44062	0.42225	0.46115	0.00000	0.0000	0.2913	0.0000	1.0000	0	67
0.43905	0.41969	0.46092	0.00000	0.0000	0.2870	0.0000	1.0000	0	66
0.43871	0.41969	0.46046	0.00000	0.0000	0.2826	0.0000	1.0000	0	65
0.43842	0.41927	0.46046	0.00000	0.0000	0.2870	0.0000	1.0000	0	66
0.43714	0.41827	0.45901	0.00000	0.0000	0.2870	0.0000	1.0000	0	66
0.43680	0.41827	0.45791	0.00000	0.0000	0.2826	0.0000	1.0000	0	65
0.43585	0.41596	0.45579	0.00000	0.0000	0.2870	0.0000	1.0000	0	66
0.43585	0.41596	0.45579	0.00000	0.0000	0.2870	0.0000	1.0000	0	66
0.43489	0.41317	0.45458	0.00000	0.0000	0.2826	0.0000	1.0000	0	65
0.43387	0.41188	0.45458	0.00000	0.0000	0.2957	0.0000	1.0000	0	68
0.43387	0.41188	0.45458	0.00000	0.0000	0.2957	0.0000	1.0000	0	68
0.43387	0.41188	0.45458	0.00000	0.0000	0.2957	0.0000	1.0000	0	68
0.43355	0.41129	0.45458	0.00000	0.0000	0.3000	0.0000	1.0000	0	69
0.43289	0.41029	0.45458	0.00000	0.0000	0.3087	0.0000	1.0000	0	71
0.43089	0.41029	0.45422	0.00000	0.0000	0.2826	0.0000	1.0000	0	65
0.43021	0.40814	0.45422	0.00000	0.0000	0.2913	0.0000	1.0000	0	67
0.42947	0.40814	0.45200	0.00000	0.0000	0.2826	0.0000	1.0000	0	65
0.42846	0.40743	0.44924	0.00000	0.0000	0.2870	0.0000	1.0000	0	66
0.42814	0.40743	0.44724	0.00000	0.0000	0.2826	0.0000	1.0000	0	65
0.42753	0.40730	0.44466	0.00000	0.0000	0.2826	0.0000	1.0000	0	65
0.42682	0.40391	0.44466	0.00000	0.0000	0.2913	0.0000	1.0000	0	67
0.42682	0.40391	0.44466	0.00000	0.0000	0.2913	0.0000	1.0000	0	67
0.42563	0.40300	0.44451	0.00000	0.0000	0.2826	0.0000	1.0000	0	65
0.42528	0.40199	0.44451	0.00000	0.0000	0.2870	0.0000	1.0000	0	66
0.42333	0.40187	0.44339	0.00000	0.0000	0.2957	0.0000	1.0000	0	68
0.42303	0.40187	0.44273	0.00000	0.0000	0.2913	0.0000	1.0000	0	67
0.42274	0.40187	0.44140	0.00000	0.0000	0.2870	0.0000	1.0000	0	66
0.42245	0.40187	0.43893	0.00000	0.0000	0.2826	0.0000	1.0000	0	65
0.42183	0.40174	0.43893	0.00000	0.0000	0.2913	0.0000	1.0000	0	67
0.42183	0.40174	0.43893	0.00000	0.0000	0.2913	0.0000	1.0000	0	67
0.42124	0.40150	0.43893	0.00000	0.0000	0.3000	0.0000	1.0000	0	69
0.42124	0.40150	0.43893	0.00000	0.0000	0.3000	0.0000	1.0000	0	69
0.42093	0.39946	0.43893	0.00000	0.0000	0.3043	0.0000	1.0000	0	70
0.42061	0.39791	0.43893	0.00000	0.0000	0.3087	0.0000	1.0000	0	71
0.42027	0.39639	0.43893	0.00000	0.0000	0.3130	0.0000	1.0000	0	72
0.41991	0.39389	0.43893	0.00000	0.0000	0.3174	0.0000	1.0000	0	73
0.41686	0.39326	0.43869	0.00000	0.0000	0.2826	0.0000	1.0000	0	65
0.41614	0.39154	0.43828	0.00000	0.0000	0.2826	0.0000	1.0000	0	65
0.41541	0.39056	0.43799	0.00000	0.0000	0.2826	0.0000	1.0000	0	65
0.41467	0.39019	0.43687	0.00000	0.0000	0.2826	0.0000	1.0000	0	65
0.41429	0.38944	0.43687	0.00000	0.0000	0.2870	0.0000	1.0000	0	66
0.41392	0.38934	0.43687	0.00000	0.0000	0.2913	0.0000	1.0000	0	67
0.41245	0.38771	0.43455	0.00000	0.0000	0.2826	0.0000	1.0000	0	65
0.41132	0.38625	0.43411	0.00000	0.0000	0.2870	0.0000	1.0000	0	66
0.41132	0.38625	0.43411	0.00000	0.0000	0.2870	0.0000	1.0000	0	66
0.41091	0.38370	0.43411	0.00000	0.0000	0.2913	0.0000	1.0000	0	67
0.41050	0.38261	0.43411	0.00000	0.0000	0.2957	0.0000	1.0000	0	68
0.40782	0.38223	0.43025	0.00000	0.0000	0.2913	0.0000	1.0000	0	67
0.40748	0.38223	0.42947	0.00000	0.0000	0.2870	0.0000	1.0000	0	66
0.40748	0.38223	0.42947	0.00000	0.0000	0.2870	0.0000	1.0000	0	66
0.40640	0.38119	0.42904	0.00000	0.0000	0.2826	0.0000	1.0000	0	65
0.40565	0.38058	0.42622	0.00000	0.0000	0.2826	0.0000	1.0000	0	65
0.40479	0.37681	0.42622	0.00000	0.0000	0.2913	0.0000	1.0000	0	67
0.40413	0.37681	0.42494	0.00000	0.0000	0.2826	0.0000	1.0000	0	65
0.40371	0.37630	0.42494	0.00000	0.0000	0.2870	0.0000	1.0000	0	66
0.40260	0.37358	0.42279	0.00000	0.0000	0.2826	0.0000	1.0000	0	65
0.40208	0.36852	0.42279	0.00000	0.0000	0.2870	0.0000	1.0000	0	66
0.40153	0.36529	0.42279	0.00000	0.0000	0.2913	0.0000	1.0000	0	67
0.40029	0.36206	0.42269	0.00000	0.0000	0.2870	0.0000	1.0000	0	66
0.39969	0.36051	0.42269	0.00000	0.0000	0.2913	0.0000	1.0000	0	67
0.39797	0.35671	0.42238	0.00000	0.0000	0.2826	0.0000	1.0000	0	65
0.39725	0.35059	0.42238	0.00000	0.0000	0.2870	0.0000	1.0000	0	66
0.39576	0.35038	0.42225	0.00000	0.0000	0.2826	0.0000	1.0000	0	65
0.39488	0.33775	0.42225	0.00000	0.0000	0.2870	0.0000	1.0000	0	66
0.39399	0.33522	0.42225	0.00000	0.0000	0.2913	0.0000	1.0000	0	67
0.39178	0.33487	0.41969	0.00000	0.0000	0.2826	0.0000	1.0000	0	65
0.39075	0.32397	0.41969	0.00000	0.0000	0.2870	0.0000	1.0000	0	66
0.38881	0.32238	0.41927	0.00000	0.0000	0.2826	0.0000	1.0000	0	65
0.38730	0.32122	0.41827	0.00000	0.0000	0.2826	0.0000	1.0000	0	65
0.38530	0.32031	0.41827	0.00000	0.0000	0.2913	0.0000	1.0000	0	67
0.38428	0.32031	0.41596	0.00000	0.0000	0.2826	0.0000	1.0000	0	65
0.38319	0.31178	0.41596	0.00000	0.0000	0.2870	0.0000	1.0000	0	66
0.38107	0.31100	0.41317	0.00000	0.0000	0.2826	0.0000	1.0000	0	65
0.37831	0.30625	0.41191	0.00000	0.0000	0.2870	0.0000	1.0000	0	66
0.37831	0.30625	0.41191	0.00000	0.0000	0.2870	0.0000	1.0000	0	66
0.37619	0.30605	0.41191	0.00000	0.0000	0.2957	0.0000	1.0000	0	68
0.37454	0.30605	0.41129	0.00000	0.0000	0.2826	0.0000	1.0000	0	65
0.37287	0.30253	0.41029	0.00000	0.0000	0.2826	0.0000	1.0000	0	65
0.37157	0.28755	0.41029	0.00000	0.0000	0.2870	0.0000	1.0000	0	66
0.36888	0.27415	0.40819	0.00000	0.0000	0.2826	0.0000	1.0000	0	65
0.36731	0.26481	0.40819	0.00000	0.0000	0.2870	0.0000	1.0000	0	66
0.36437	0.25836	0.40743	0.00000	0.0000	0.2826	0.0000	1.0000	0	65
0.36262	0.24883	0.40743	0.00000	0.0000	0.2870	0.0000	1.0000	0	66
0.35938	0.24166	0.40730	0.00000	0.0000	0.2826	0.0000	1.0000	0	65
0.35653	0.22161	0.40391	0.00000	0.0000	0.2826	0.0000	1.0000	0	65
0.35404	0.19215	0.40391	0.00000	0.0000	0.2870	0.0000	1.0000	0	66
0.34994	0.18735	0.40300	0.00000	0.0000	0.2826	0.0000	1.0000	0	65
0.34645	0.17661	0.40199	0.00000	0.0000	0.2826	0.0000	1.0000	0	65
0.34233	0.13381	0.40187	0.00000	0.0000	0.2826	0.0000	1.0000	0	65
0.33884	0.11219	0.40187	0.00000	0.0000	0.2870	0.0000	1.0000	0	66
0.32888	0.00000	0.40187	0.00000	0.0000	0.2957	0.0000	1.0000	0	68
0.32888	0.00000	0.40187	0.00000	0.0000	0.2957	0.0000	1.0000	0	68
