Score	Lower bound	Upper bound	Likelihood	TPR	FPR	PPV	FDR	No. positives	No. negatives
0.94411	0.78500	1.00000	5.01429	0.6400	0.1276	0.1250	0.8750	32	224
0.94285	0.78000	1.00000	4.96991	0.6400	0.1288	0.1240	0.8760	32	226
0.93989	0.77900	0.99900	4.92632	0.6400	0.1299	0.1231	0.8769	32	228
0.93989	0.77900	0.99900	4.92632	0.6400	0.1299	0.1231	0.8769	32	228
0.93989	0.77900	0.99900	4.92632	0.6400	0.1299	0.1231	0.8769	32	228
0.93989	0.77900	0.99900	4.92632	0.6400	0.1299	0.1231	0.8769	32	228
0.93924	0.77000	0.99900	4.90480	0.6400	0.1305	0.1226	0.8774	32	229
0.93730	0.76800	0.99900	4.84138	0.6400	0.1322	0.1212	0.8788	32	232
0.93730	0.76800	0.99900	4.84138	0.6400	0.1322	0.1212	0.8788	32	232
0.93730	0.76800	0.99900	4.84138	0.6400	0.1322	0.1212	0.8788	32	232
0.93665	0.76600	0.99900	4.82060	0.6400	0.1328	0.1208	0.8792	32	233
0.93473	0.76500	0.99900	4.75932	0.6400	0.1345	0.1194	0.8806	32	236
0.93473	0.76500	0.99900	4.75932	0.6400	0.1345	0.1194	0.8806	32	236
0.93473	0.76500	0.99900	4.75932	0.6400	0.1345	0.1194	0.8806	32	236
0.93346	0.76300	0.99900	4.71933	0.6400	0.1356	0.1185	0.8815	32	238
0.93346	0.76300	0.99900	4.71933	0.6400	0.1356	0.1185	0.8815	32	238
0.93143	0.74900	0.99900	4.66058	0.6400	0.1373	0.1172	0.8828	32	241
0.93143	0.74900	0.99900	4.66058	0.6400	0.1373	0.1172	0.8828	32	241
0.93143	0.74900	0.99900	4.66058	0.6400	0.1373	0.1172	0.8828	32	241
0.93076	0.74800	0.99900	4.64132	0.6400	0.1379	0.1168	0.8832	32	242
0.92941	0.74400	0.99900	4.60328	0.6400	0.1390	0.1159	0.8841	32	244
0.92941	0.74400	0.99900	4.60328	0.6400	0.1390	0.1159	0.8841	32	244
0.92873	0.74200	0.99900	4.58449	0.6400	0.1396	0.1155	0.8845	32	245
0.92803	0.73500	0.99900	4.56585	0.6400	0.1402	0.1151	0.8849	32	246
0.92734	0.73400	0.99900	4.54737	0.6400	0.1407	0.1147	0.8853	32	247
0.92459	0.73300	0.99900	4.47490	0.6400	0.1430	0.1131	0.8869	32	251
0.92459	0.73300	0.99900	4.47490	0.6400	0.1430	0.1131	0.8869	32	251
0.92459	0.73300	0.99900	4.47490	0.6400	0.1430	0.1131	0.8869	32	251
0.92459	0.73300	0.99900	4.47490	0.6400	0.1430	0.1131	0.8869	32	251
0.92391	0.73200	0.99900	4.45714	0.6400	0.1436	0.1127	0.8873	32	252
0.92189	0.73000	0.99900	4.40471	0.6400	0.1453	0.1115	0.8885	32	255
0.92189	0.73000	0.99900	4.40471	0.6400	0.1453	0.1115	0.8885	32	255
0.92189	0.73000	0.99900	4.40471	0.6400	0.1453	0.1115	0.8885	32	255
0.92122	0.72900	0.99900	4.38750	0.6400	0.1459	0.1111	0.8889	32	256
0.91599	0.72800	0.99900	4.25455	0.6400	0.1504	0.1081	0.8919	32	264
0.91599	0.72800	0.99900	4.25455	0.6400	0.1504	0.1081	0.8919	32	264
0.91599	0.72800	0.99900	4.25455	0.6400	0.1504	0.1081	0.8919	32	264
0.91599	0.72800	0.99900	4.25455	0.6400	0.1504	0.1081	0.8919	32	264
0.91599	0.72800	0.99900	4.25455	0.6400	0.1504	0.1081	0.8919	32	264
0.91599	0.72800	0.99900	4.25455	0.6400	0.1504	0.1081	0.8919	32	264
0.90302	0.72800	0.99800	3.96783	0.5200	0.1311	0.1016	0.8984	26	230
0.90302	0.72800	0.99800	3.96783	0.5200	0.1311	0.1016	0.8984	26	230
0.90234	0.72700	0.99800	3.95065	0.5200	0.1316	0.1012	0.8988	26	231
0.89962	0.72500	0.99800	3.88340	0.5200	0.1339	0.0996	0.9004	26	235
0.89962	0.72500	0.99800	3.88340	0.5200	0.1339	0.0996	0.9004	26	235
0.89962	0.72500	0.99800	3.88340	0.5200	0.1339	0.0996	0.9004	26	235
0.89962	0.72500	0.99800	3.88340	0.5200	0.1339	0.0996	0.9004	26	235
0.89894	0.72200	0.99800	3.86695	0.5200	0.1345	0.0992	0.9008	26	236
0.89826	0.72000	0.99800	3.85063	0.5200	0.1350	0.0989	0.9011	26	237
0.89618	0.71400	0.99800	3.80250	0.5200	0.1368	0.0977	0.9023	26	240
0.89618	0.71400	0.99800	3.80250	0.5200	0.1368	0.0977	0.9023	26	240
0.84404	0.60800	0.99800	3.74854	0.6600	0.1761	0.0965	0.9035	33	309
0.80169	0.59100	0.97000	3.46667	0.4800	0.1385	0.0899	0.9101	24	243
0.78918	0.55200	0.97000	3.26512	0.4800	0.1470	0.0851	0.9149	24	258
0.73740	0.47400	0.96100	2.68036	0.4200	0.1567	0.0709	0.9291	21	275
0.70226	0.47328	0.92300	2.50714	0.3400	0.1356	0.0667	0.9333	17	238
0.70049	0.47300	0.92000	2.50714	0.3400	0.1356	0.0667	0.9333	17	238
0.68733	0.45539	0.92000	2.35850	0.3400	0.1442	0.0630	0.9370	17	253
0.66534	0.44978	0.89900	2.35850	0.3400	0.1442	0.0630	0.9370	17	253
0.65096	0.44894	0.85100	2.34979	0.3200	0.1362	0.0627	0.9373	16	239
0.64859	0.44728	0.85100	2.32066	0.3200	0.1379	0.0620	0.9380	16	242
0.64859	0.44728	0.85100	2.32066	0.3200	0.1379	0.0620	0.9380	16	242
0.64859	0.44728	0.85100	2.32066	0.3200	0.1379	0.0620	0.9380	16	242
0.64781	0.44655	0.85100	2.31111	0.3200	0.1385	0.0618	0.9382	16	243
0.64151	0.44636	0.84900	2.02222	0.2800	0.1385	0.0545	0.9455	14	243
0.63542	0.44547	0.83600	2.00571	0.2800	0.1396	0.0541	0.9459	14	245
0.63097	0.44526	0.83100	1.98947	0.2800	0.1407	0.0536	0.9464	14	247
0.58061	0.42816	0.83100	1.44956	0.2800	0.1932	0.0397	0.9603	14	339
0.50521	0.42551	0.69100	1.19659	0.1800	0.1504	0.0330	0.9670	9	264
0.49185	0.42532	0.66600	1.13226	0.1600	0.1413	0.0312	0.9688	8	248
0.49185	0.42532	0.66600	1.13226	0.1600	0.1413	0.0312	0.9688	8	248
0.48997	0.42507	0.66400	1.13226	0.1600	0.1413	0.0312	0.9688	8	248
0.48997	0.42507	0.66400	1.13226	0.1600	0.1413	0.0312	0.9688	8	248
0.48773	0.42393	0.66400	1.09261	0.1600	0.1464	0.0302	0.9698	8	257
0.48411	0.42385	0.66100	1.09261	0.1600	0.1464	0.0302	0.9698	8	257
0.48411	0.42385	0.66100	1.09261	0.1600	0.1464	0.0302	0.9698	8	257
0.48366	0.42351	0.66100	1.08417	0.1600	0.1476	0.0300	0.9700	8	259
0.47142	0.42200	0.65000	0.91338	0.1400	0.1533	0.0254	0.9746	7	269
0.45970	0.42200	0.61500	0.55494	0.0800	0.1442	0.0156	0.9844	4	253
0.45970	0.42200	0.61500	0.55494	0.0800	0.1442	0.0156	0.9844	4	253
0.45911	0.42143	0.61500	0.54630	0.0800	0.1464	0.0153	0.9847	4	257
0.42294	0.37382	0.58600	0.29153	0.1000	0.3430	0.0082	0.9918	5	602
0.30344	0.00000	0.40870	0.19831	0.1200	0.6051	0.0056	0.9944	6	1062
