Score	Lower bound	Upper bound	Likelihood	TPR	FPR	PPV	FDR	No. positives	No. negatives
0.69961	0.40969	1.00000	3.20430	1.0000	0.3121	0.0882	0.9118	9	93
0.69381	0.40817	0.99900	3.20430	1.0000	0.3121	0.0882	0.9118	9	93
0.69103	0.40791	0.99900	3.17021	1.0000	0.3154	0.0874	0.9126	9	94
0.68830	0.40648	0.99900	3.13684	1.0000	0.3188	0.0865	0.9135	9	95
0.66086	0.39703	0.99800	2.64889	0.8889	0.3356	0.0741	0.9259	8	100
0.62994	0.39079	0.98900	2.43017	0.8889	0.3658	0.0684	0.9316	8	109
0.57580	0.39006	0.97500	1.33782	0.4444	0.3322	0.0388	0.9612	4	99
0.54898	0.38373	0.97500	1.14176	0.4444	0.3893	0.0333	0.9667	4	116
0.46694	0.37737	0.81900	0.58090	0.2222	0.3826	0.0172	0.9828	2	114
0.42538	0.37660	0.62900	0.32783	0.1111	0.3389	0.0098	0.9902	1	101
0.42290	0.37644	0.61900	0.32783	0.1111	0.3389	0.0098	0.9902	1	101
0.42157	0.37583	0.61900	0.31838	0.1111	0.3490	0.0095	0.9905	1	104
0.41352	0.37571	0.60300	0.00000	0.0000	0.3423	0.0000	1.0000	0	102
0.41129	0.37520	0.60000	0.00000	0.0000	0.3423	0.0000	1.0000	0	102
0.40905	0.37157	0.59700	0.00000	0.0000	0.3423	0.0000	1.0000	0	102
0.40833	0.37141	0.59700	0.00000	0.0000	0.3490	0.0000	1.0000	0	104
0.40833	0.37141	0.59700	0.00000	0.0000	0.3490	0.0000	1.0000	0	104
0.40240	0.36996	0.47430	0.00000	0.0000	0.3423	0.0000	1.0000	0	102
0.40107	0.36963	0.46800	0.00000	0.0000	0.3456	0.0000	1.0000	0	103
0.40041	0.36963	0.45985	0.00000	0.0000	0.3423	0.0000	1.0000	0	102
0.39952	0.36892	0.44700	0.00000	0.0000	0.3423	0.0000	1.0000	0	102
0.39873	0.36643	0.44650	0.00000	0.0000	0.3423	0.0000	1.0000	0	102
0.39794	0.36606	0.43880	0.00000	0.0000	0.3423	0.0000	1.0000	0	102
0.39723	0.36579	0.43785	0.00000	0.0000	0.3423	0.0000	1.0000	0	102
0.39689	0.36313	0.43785	0.00000	0.0000	0.3456	0.0000	1.0000	0	103
0.39654	0.36012	0.43785	0.00000	0.0000	0.3490	0.0000	1.0000	0	104
0.39497	0.35996	0.43527	0.00000	0.0000	0.3423	0.0000	1.0000	0	102
0.39461	0.35817	0.43527	0.00000	0.0000	0.3456	0.0000	1.0000	0	103
0.39345	0.35723	0.43307	0.00000	0.0000	0.3423	0.0000	1.0000	0	102
0.39268	0.35491	0.43290	0.00000	0.0000	0.3423	0.0000	1.0000	0	102
0.39193	0.35370	0.43290	0.00000	0.0000	0.3490	0.0000	1.0000	0	104
0.39113	0.35370	0.43063	0.00000	0.0000	0.3423	0.0000	1.0000	0	102
0.39075	0.35261	0.43063	0.00000	0.0000	0.3456	0.0000	1.0000	0	103
0.38959	0.35184	0.42962	0.00000	0.0000	0.3423	0.0000	1.0000	0	102
0.38922	0.35142	0.42962	0.00000	0.0000	0.3456	0.0000	1.0000	0	103
0.38884	0.34987	0.42962	0.00000	0.0000	0.3490	0.0000	1.0000	0	104
0.38689	0.34948	0.42900	0.00000	0.0000	0.3456	0.0000	1.0000	0	103
0.38689	0.34948	0.42900	0.00000	0.0000	0.3456	0.0000	1.0000	0	103
0.38653	0.34915	0.42900	0.00000	0.0000	0.3490	0.0000	1.0000	0	104
0.38491	0.34871	0.42878	0.00000	0.0000	0.3423	0.0000	1.0000	0	102
0.38455	0.34832	0.42878	0.00000	0.0000	0.3456	0.0000	1.0000	0	103
0.38295	0.34645	0.42777	0.00000	0.0000	0.3456	0.0000	1.0000	0	103
0.38251	0.34645	0.42746	0.00000	0.0000	0.3423	0.0000	1.0000	0	102
0.38171	0.34556	0.41982	0.00000	0.0000	0.3423	0.0000	1.0000	0	102
0.38097	0.34469	0.41964	0.00000	0.0000	0.3423	0.0000	1.0000	0	102
0.38023	0.34335	0.41832	0.00000	0.0000	0.3423	0.0000	1.0000	0	102
0.37947	0.34116	0.41716	0.00000	0.0000	0.3423	0.0000	1.0000	0	102
0.37907	0.33863	0.41716	0.00000	0.0000	0.3456	0.0000	1.0000	0	103
0.37745	0.33342	0.41375	0.00000	0.0000	0.3456	0.0000	1.0000	0	103
0.37709	0.33342	0.41332	0.00000	0.0000	0.3423	0.0000	1.0000	0	102
0.37630	0.33313	0.41219	0.00000	0.0000	0.3423	0.0000	1.0000	0	102
0.37509	0.33186	0.40996	0.00000	0.0000	0.3456	0.0000	1.0000	0	103
0.37509	0.33186	0.40996	0.00000	0.0000	0.3456	0.0000	1.0000	0	103
0.37397	0.32997	0.40969	0.00000	0.0000	0.3423	0.0000	1.0000	0	102
0.37315	0.32685	0.40817	0.00000	0.0000	0.3423	0.0000	1.0000	0	102
0.37235	0.32647	0.40791	0.00000	0.0000	0.3423	0.0000	1.0000	0	102
0.37154	0.32468	0.40648	0.00000	0.0000	0.3423	0.0000	1.0000	0	102
0.36983	0.32402	0.40048	0.00000	0.0000	0.3490	0.0000	1.0000	0	104
0.36953	0.32402	0.39847	0.00000	0.0000	0.3456	0.0000	1.0000	0	103
0.36953	0.32402	0.39847	0.00000	0.0000	0.3456	0.0000	1.0000	0	103
0.36849	0.32096	0.39799	0.00000	0.0000	0.3423	0.0000	1.0000	0	102
0.36773	0.32046	0.39765	0.00000	0.0000	0.3423	0.0000	1.0000	0	102
0.36697	0.32031	0.39719	0.00000	0.0000	0.3423	0.0000	1.0000	0	102
0.36622	0.32010	0.39703	0.00000	0.0000	0.3423	0.0000	1.0000	0	102
0.36451	0.31732	0.39601	0.00000	0.0000	0.3490	0.0000	1.0000	0	104
0.36420	0.31732	0.39526	0.00000	0.0000	0.3456	0.0000	1.0000	0	103
0.36390	0.31732	0.39510	0.00000	0.0000	0.3423	0.0000	1.0000	0	102
0.36298	0.31600	0.39510	0.00000	0.0000	0.3490	0.0000	1.0000	0	104
0.36235	0.31600	0.39395	0.00000	0.0000	0.3423	0.0000	1.0000	0	102
0.36158	0.31576	0.39279	0.00000	0.0000	0.3423	0.0000	1.0000	0	102
0.36082	0.31478	0.39212	0.00000	0.0000	0.3423	0.0000	1.0000	0	102
0.36035	0.31305	0.39212	0.00000	0.0000	0.3456	0.0000	1.0000	0	103
0.35926	0.31264	0.39199	0.00000	0.0000	0.3423	0.0000	1.0000	0	102
0.35845	0.30958	0.39083	0.00000	0.0000	0.3423	0.0000	1.0000	0	102
0.35797	0.30880	0.39083	0.00000	0.0000	0.3456	0.0000	1.0000	0	103
0.35680	0.30450	0.39006	0.00000	0.0000	0.3423	0.0000	1.0000	0	102
0.35489	0.30139	0.38976	0.00000	0.0000	0.3490	0.0000	1.0000	0	104
0.35455	0.30139	0.38707	0.00000	0.0000	0.3456	0.0000	1.0000	0	103
0.35455	0.30139	0.38707	0.00000	0.0000	0.3456	0.0000	1.0000	0	103
0.35402	0.29958	0.38707	0.00000	0.0000	0.3490	0.0000	1.0000	0	104
0.35349	0.29830	0.38707	0.00000	0.0000	0.3523	0.0000	1.0000	0	105
0.35244	0.29741	0.38707	0.00000	0.0000	0.3591	0.0000	1.0000	0	107
0.35244	0.29741	0.38707	0.00000	0.0000	0.3591	0.0000	1.0000	0	107
0.35143	0.29729	0.38707	0.00000	0.0000	0.3658	0.0000	1.0000	0	109
0.34898	0.29729	0.38668	0.00000	0.0000	0.3423	0.0000	1.0000	0	102
0.34846	0.29531	0.38668	0.00000	0.0000	0.3456	0.0000	1.0000	0	103
0.34792	0.29263	0.38668	0.00000	0.0000	0.3490	0.0000	1.0000	0	104
0.34612	0.28059	0.38576	0.00000	0.0000	0.3423	0.0000	1.0000	0	102
0.34546	0.27721	0.38576	0.00000	0.0000	0.3456	0.0000	1.0000	0	103
0.34399	0.27642	0.38535	0.00000	0.0000	0.3423	0.0000	1.0000	0	102
0.34292	0.27603	0.38523	0.00000	0.0000	0.3423	0.0000	1.0000	0	102
0.34120	0.27559	0.38496	0.00000	0.0000	0.3456	0.0000	1.0000	0	103
0.34077	0.27559	0.38373	0.00000	0.0000	0.3423	0.0000	1.0000	0	102
0.33967	0.27112	0.38334	0.00000	0.0000	0.3423	0.0000	1.0000	0	102
0.33900	0.27064	0.38334	0.00000	0.0000	0.3456	0.0000	1.0000	0	103
0.33745	0.26975	0.38164	0.00000	0.0000	0.3423	0.0000	1.0000	0	102
0.33678	0.26884	0.38164	0.00000	0.0000	0.3456	0.0000	1.0000	0	103
0.33546	0.26722	0.38164	0.00000	0.0000	0.3523	0.0000	1.0000	0	105
0.33410	0.26722	0.38121	0.00000	0.0000	0.3423	0.0000	1.0000	0	102
0.33169	0.26648	0.38082	0.00000	0.0000	0.3490	0.0000	1.0000	0	104
0.33122	0.26648	0.38048	0.00000	0.0000	0.3456	0.0000	1.0000	0	103
0.33074	0.26648	0.38027	0.00000	0.0000	0.3423	0.0000	1.0000	0	102
0.32961	0.26585	0.37979	0.00000	0.0000	0.3423	0.0000	1.0000	0	102
0.32848	0.26420	0.37871	0.00000	0.0000	0.3423	0.0000	1.0000	0	102
0.32735	0.26380	0.37854	0.00000	0.0000	0.3423	0.0000	1.0000	0	102
0.32621	0.26221	0.37761	0.00000	0.0000	0.3423	0.0000	1.0000	0	102
0.32557	0.26008	0.37761	0.00000	0.0000	0.3456	0.0000	1.0000	0	103
0.32326	0.25871	0.37737	0.00000	0.0000	0.3456	0.0000	1.0000	0	103
0.32273	0.25871	0.37660	0.00000	0.0000	0.3423	0.0000	1.0000	0	102
0.32156	0.25753	0.37644	0.00000	0.0000	0.3423	0.0000	1.0000	0	102
0.32039	0.25702	0.37631	0.00000	0.0000	0.3423	0.0000	1.0000	0	102
0.31976	0.25539	0.37631	0.00000	0.0000	0.3456	0.0000	1.0000	0	103
0.31800	0.25272	0.37583	0.00000	0.0000	0.3423	0.0000	1.0000	0	102
0.31677	0.25085	0.37571	0.00000	0.0000	0.3423	0.0000	1.0000	0	102
0.31490	0.24982	0.37520	0.00000	0.0000	0.3456	0.0000	1.0000	0	103
0.31431	0.24982	0.37157	0.00000	0.0000	0.3423	0.0000	1.0000	0	102
0.31309	0.24735	0.37141	0.00000	0.0000	0.3423	0.0000	1.0000	0	102
0.31245	0.24719	0.37141	0.00000	0.0000	0.3456	0.0000	1.0000	0	103
0.31003	0.24677	0.36996	0.00000	0.0000	0.3456	0.0000	1.0000	0	103
0.30944	0.24677	0.36963	0.00000	0.0000	0.3423	0.0000	1.0000	0	102
0.30882	0.24501	0.36963	0.00000	0.0000	0.3456	0.0000	1.0000	0	103
0.30695	0.24019	0.36892	0.00000	0.0000	0.3423	0.0000	1.0000	0	102
0.30491	0.23271	0.36643	0.00000	0.0000	0.3456	0.0000	1.0000	0	103
0.30431	0.23271	0.36606	0.00000	0.0000	0.3423	0.0000	1.0000	0	102
0.30293	0.22592	0.36579	0.00000	0.0000	0.3423	0.0000	1.0000	0	102
0.30156	0.22560	0.36313	0.00000	0.0000	0.3423	0.0000	1.0000	0	102
0.30013	0.21792	0.36012	0.00000	0.0000	0.3423	0.0000	1.0000	0	102
0.29868	0.21204	0.35996	0.00000	0.0000	0.3423	0.0000	1.0000	0	102
0.29722	0.21122	0.35817	0.00000	0.0000	0.3423	0.0000	1.0000	0	102
0.29572	0.20447	0.35723	0.00000	0.0000	0.3423	0.0000	1.0000	0	102
0.29419	0.20118	0.35491	0.00000	0.0000	0.3423	0.0000	1.0000	0	102
0.29065	0.19186	0.35370	0.00000	0.0000	0.3490	0.0000	1.0000	0	104
0.29065	0.19186	0.35370	0.00000	0.0000	0.3490	0.0000	1.0000	0	104
0.28942	0.19186	0.35261	0.00000	0.0000	0.3423	0.0000	1.0000	0	102
0.28777	0.18472	0.35184	0.00000	0.0000	0.3423	0.0000	1.0000	0	102
0.28607	0.17817	0.35142	0.00000	0.0000	0.3423	0.0000	1.0000	0	102
0.28437	0.17775	0.34987	0.00000	0.0000	0.3423	0.0000	1.0000	0	102
0.28267	0.17700	0.34948	0.00000	0.0000	0.3423	0.0000	1.0000	0	102
0.28061	0.17552	0.34948	0.00000	0.0000	0.3490	0.0000	1.0000	0	104
0.27926	0.17552	0.34915	0.00000	0.0000	0.3423	0.0000	1.0000	0	102
0.27755	0.17459	0.34871	0.00000	0.0000	0.3423	0.0000	1.0000	0	102
0.27583	0.17398	0.34832	0.00000	0.0000	0.3423	0.0000	1.0000	0	102
0.27312	0.17245	0.34647	0.00000	0.0000	0.3456	0.0000	1.0000	0	103
0.27312	0.17245	0.34647	0.00000	0.0000	0.3456	0.0000	1.0000	0	103
0.27065	0.16724	0.34556	0.00000	0.0000	0.3423	0.0000	1.0000	0	102
0.26890	0.16698	0.34469	0.00000	0.0000	0.3423	0.0000	1.0000	0	102
0.26711	0.16269	0.34335	0.00000	0.0000	0.3423	0.0000	1.0000	0	102
0.26532	0.16003	0.34116	0.00000	0.0000	0.3423	0.0000	1.0000	0	102
0.26353	0.15946	0.33863	0.00000	0.0000	0.3423	0.0000	1.0000	0	102
0.26171	0.15247	0.33342	0.00000	0.0000	0.3423	0.0000	1.0000	0	102
0.26064	0.15148	0.33342	0.00000	0.0000	0.3456	0.0000	1.0000	0	103
0.25814	0.15108	0.33313	0.00000	0.0000	0.3423	0.0000	1.0000	0	102
0.25629	0.14419	0.33186	0.00000	0.0000	0.3423	0.0000	1.0000	0	102
0.25495	0.11834	0.33186	0.00000	0.0000	0.3456	0.0000	1.0000	0	103
0.25204	0.11239	0.32997	0.00000	0.0000	0.3423	0.0000	1.0000	0	102
0.24402	0.00000	0.32685	0.00000	0.0000	0.3490	0.0000	1.0000	0	104
0.24322	0.00000	0.32647	0.00000	0.0000	0.3456	0.0000	1.0000	0	103
0.24240	0.00000	0.32468	0.00000	0.0000	0.3423	0.0000	1.0000	0	102
