Score	Lower bound	Upper bound	Likelihood	TPR	FPR	PPV	FDR	No. positives	No. negatives
0.88046	0.61900	1.00000	7.91658	1.0000	0.1263	0.5714	0.4286	16	12
0.88046	0.61900	1.00000	7.91658	1.0000	0.1263	0.5714	0.4286	16	12
0.86003	0.57400	1.00000	6.78565	1.0000	0.1474	0.5333	0.4667	16	14
0.86003	0.57400	1.00000	6.78565	1.0000	0.1474	0.5333	0.4667	16	14
0.84829	0.49595	1.00000	6.33328	1.0000	0.1579	0.5161	0.4839	16	15
0.83660	0.47416	1.00000	5.93746	1.0000	0.1684	0.5000	0.5000	16	16
0.78607	0.45283	0.99900	3.49263	0.6250	0.1789	0.3704	0.6296	10	17
0.77369	0.43940	0.99900	3.29860	0.6250	0.1895	0.3571	0.6429	10	18
0.76176	0.42758	0.99900	3.12499	0.6250	0.2000	0.3448	0.6552	10	19
0.75061	0.42740	0.99900	2.96874	0.6250	0.2105	0.3333	0.6667	10	20
0.73982	0.41622	0.99900	2.82737	0.6250	0.2211	0.3226	0.6774	10	21
0.72954	0.41089	0.99900	2.69886	0.6250	0.2316	0.3125	0.6875	10	22
0.65772	0.40700	0.99700	1.69643	0.3750	0.2211	0.2222	0.7778	6	21
0.64868	0.40463	0.99700	1.61932	0.3750	0.2316	0.2143	0.7857	6	22
0.61381	0.40389	0.92400	1.03261	0.2500	0.2421	0.1481	0.8519	4	23
0.58072	0.38911	0.91800	0.95000	0.2500	0.2632	0.1379	0.8621	4	25
0.51719	0.38313	0.88100	0.87963	0.2500	0.2842	0.1290	0.8710	4	27
0.46528	0.38274	0.65000	0.74219	0.1875	0.2526	0.1111	0.8889	3	24
0.46232	0.38247	0.65000	0.71250	0.1875	0.2632	0.1071	0.8929	3	25
0.44543	0.38173	0.62200	0.22837	0.0625	0.2737	0.0370	0.9630	1	26
0.43636	0.37710	0.61900	0.22837	0.0625	0.2737	0.0370	0.9630	1	26
0.43422	0.37621	0.61900	0.21991	0.0625	0.2842	0.0357	0.9643	1	27
0.41828	0.37349	0.57400	0.00000	0.0000	0.2842	0.0000	1.0000	0	27
0.41659	0.37096	0.57400	0.00000	0.0000	0.2947	0.0000	1.0000	0	28
0.40323	0.37068	0.49595	0.00000	0.0000	0.2842	0.0000	1.0000	0	27
0.39846	0.36730	0.47416	0.00000	0.0000	0.2842	0.0000	1.0000	0	27
0.39433	0.36264	0.45283	0.00000	0.0000	0.2842	0.0000	1.0000	0	27
0.39090	0.36005	0.43940	0.00000	0.0000	0.2842	0.0000	1.0000	0	27
0.38788	0.35785	0.42758	0.00000	0.0000	0.2842	0.0000	1.0000	0	27
0.38528	0.35754	0.42740	0.00000	0.0000	0.2842	0.0000	1.0000	0	27
0.38261	0.35526	0.41622	0.00000	0.0000	0.2842	0.0000	1.0000	0	27
0.38034	0.35485	0.41089	0.00000	0.0000	0.2842	0.0000	1.0000	0	27
0.37810	0.35038	0.40700	0.00000	0.0000	0.2842	0.0000	1.0000	0	27
0.37597	0.34959	0.40463	0.00000	0.0000	0.2842	0.0000	1.0000	0	27
0.37387	0.34795	0.40389	0.00000	0.0000	0.2842	0.0000	1.0000	0	27
0.37174	0.34622	0.40143	0.00000	0.0000	0.2842	0.0000	1.0000	0	27
0.37062	0.34045	0.40143	0.00000	0.0000	0.2947	0.0000	1.0000	0	28
0.36720	0.33997	0.38911	0.00000	0.0000	0.2842	0.0000	1.0000	0	27
0.36526	0.33663	0.38707	0.00000	0.0000	0.2842	0.0000	1.0000	0	27
0.36333	0.33507	0.38324	0.00000	0.0000	0.2842	0.0000	1.0000	0	27
0.36106	0.33040	0.38324	0.00000	0.0000	0.3053	0.0000	1.0000	0	29
0.36106	0.33040	0.38324	0.00000	0.0000	0.3053	0.0000	1.0000	0	29
0.35814	0.32364	0.38318	0.00000	0.0000	0.2947	0.0000	1.0000	0	28
0.35484	0.31917	0.38274	0.00000	0.0000	0.2842	0.0000	1.0000	0	27
0.35241	0.31703	0.38247	0.00000	0.0000	0.2842	0.0000	1.0000	0	27
0.34984	0.31300	0.38173	0.00000	0.0000	0.2842	0.0000	1.0000	0	27
0.34727	0.31243	0.37710	0.00000	0.0000	0.2842	0.0000	1.0000	0	27
0.34450	0.30244	0.37621	0.00000	0.0000	0.2842	0.0000	1.0000	0	27
0.34174	0.30153	0.37349	0.00000	0.0000	0.2842	0.0000	1.0000	0	27
0.33772	0.30133	0.37096	0.00000	0.0000	0.2947	0.0000	1.0000	0	28
0.33649	0.30133	0.37068	0.00000	0.0000	0.2842	0.0000	1.0000	0	27
0.33350	0.29002	0.36730	0.00000	0.0000	0.2842	0.0000	1.0000	0	27
0.32775	0.26991	0.36264	0.00000	0.0000	0.2947	0.0000	1.0000	0	28
0.32646	0.26991	0.36005	0.00000	0.0000	0.2842	0.0000	1.0000	0	27
0.32303	0.26746	0.35785	0.00000	0.0000	0.2842	0.0000	1.0000	0	27
0.31898	0.24846	0.35754	0.00000	0.0000	0.2842	0.0000	1.0000	0	27
0.31480	0.24470	0.35526	0.00000	0.0000	0.2842	0.0000	1.0000	0	27
0.31042	0.23693	0.35485	0.00000	0.0000	0.2842	0.0000	1.0000	0	27
0.30589	0.23267	0.35038	0.00000	0.0000	0.2842	0.0000	1.0000	0	27
0.30151	0.23200	0.34959	0.00000	0.0000	0.2842	0.0000	1.0000	0	27
0.29691	0.22563	0.34795	0.00000	0.0000	0.2842	0.0000	1.0000	0	27
0.29204	0.21621	0.34622	0.00000	0.0000	0.2842	0.0000	1.0000	0	27
0.28719	0.21552	0.34045	0.00000	0.0000	0.2842	0.0000	1.0000	0	27
0.28199	0.19992	0.33997	0.00000	0.0000	0.2842	0.0000	1.0000	0	27
0.27670	0.19716	0.33663	0.00000	0.0000	0.2842	0.0000	1.0000	0	27
0.27147	0.19549	0.33507	0.00000	0.0000	0.2842	0.0000	1.0000	0	27
0.26611	0.19019	0.33040	0.00000	0.0000	0.2842	0.0000	1.0000	0	27
0.26332	0.18796	0.33040	0.00000	0.0000	0.2947	0.0000	1.0000	0	28
0.25546	0.18527	0.32364	0.00000	0.0000	0.2842	0.0000	1.0000	0	27
0.25027	0.18354	0.31917	0.00000	0.0000	0.2842	0.0000	1.0000	0	27
0.24497	0.17614	0.31703	0.00000	0.0000	0.2842	0.0000	1.0000	0	27
0.23972	0.17541	0.31300	0.00000	0.0000	0.2842	0.0000	1.0000	0	27
0.23416	0.16272	0.31243	0.00000	0.0000	0.2842	0.0000	1.0000	0	27
0.22849	0.15942	0.30244	0.00000	0.0000	0.2842	0.0000	1.0000	0	27
0.22035	0.15148	0.30153	0.00000	0.0000	0.2947	0.0000	1.0000	0	28
0.21734	0.15148	0.30136	0.00000	0.0000	0.2842	0.0000	1.0000	0	27
0.21463	0.14124	0.30136	0.00000	0.0000	0.2947	0.0000	1.0000	0	28
0.20531	0.13665	0.29002	0.00000	0.0000	0.2842	0.0000	1.0000	0	27
0.19938	0.12990	0.26991	0.00000	0.0000	0.2842	0.0000	1.0000	0	27
