Score	Lower bound	Upper bound	Likelihood	TPR	FPR	PPV	FDR	No. positives	No. negatives
0.98163	0.95200	1.00000	3.08696	1.0000	0.3239	0.0529	0.9471	9	161
0.98163	0.95200	1.00000	3.08696	1.0000	0.3239	0.0529	0.9471	9	161
0.98163	0.95200	1.00000	3.08696	1.0000	0.3239	0.0529	0.9471	9	161
0.98093	0.95000	0.99900	2.74396	0.8889	0.3239	0.0473	0.9527	8	161
0.98093	0.95000	0.99900	2.74396	0.8889	0.3239	0.0473	0.9527	8	161
0.97998	0.94800	0.99900	2.66131	0.8889	0.3340	0.0460	0.9540	8	166
0.97998	0.94800	0.99900	2.66131	0.8889	0.3340	0.0460	0.9540	8	166
0.97998	0.94800	0.99900	2.66131	0.8889	0.3340	0.0460	0.9540	8	166
0.97998	0.94800	0.99900	2.66131	0.8889	0.3340	0.0460	0.9540	8	166
0.97998	0.94800	0.99900	2.66131	0.8889	0.3340	0.0460	0.9540	8	166
0.97936	0.94300	0.99900	2.61407	0.8889	0.3400	0.0452	0.9548	8	169
0.97936	0.94300	0.99900	2.61407	0.8889	0.3400	0.0452	0.9548	8	169
0.97936	0.94300	0.99900	2.61407	0.8889	0.3400	0.0452	0.9548	8	169
0.97830	0.94100	0.99900	2.53895	0.8889	0.3501	0.0440	0.9560	8	174
0.97830	0.94100	0.99900	2.53895	0.8889	0.3501	0.0440	0.9560	8	174
0.97830	0.94100	0.99900	2.53895	0.8889	0.3501	0.0440	0.9560	8	174
0.97830	0.94100	0.99900	2.53895	0.8889	0.3501	0.0440	0.9560	8	174
0.97830	0.94100	0.99900	2.53895	0.8889	0.3501	0.0440	0.9560	8	174
0.97785	0.93700	0.99900	2.51010	0.8889	0.3541	0.0435	0.9565	8	176
0.97785	0.93700	0.99900	2.51010	0.8889	0.3541	0.0435	0.9565	8	176
0.97733	0.92900	0.99900	2.48190	0.8889	0.3581	0.0430	0.9570	8	178
0.97733	0.92900	0.99900	2.48190	0.8889	0.3581	0.0430	0.9570	8	178
0.97547	0.92600	0.99900	2.38799	0.8889	0.3722	0.0415	0.9585	8	185
0.97547	0.92600	0.99900	2.38799	0.8889	0.3722	0.0415	0.9585	8	185
0.97547	0.92600	0.99900	2.38799	0.8889	0.3722	0.0415	0.9585	8	185
0.97547	0.92600	0.99900	2.38799	0.8889	0.3722	0.0415	0.9585	8	185
0.97547	0.92600	0.99900	2.38799	0.8889	0.3722	0.0415	0.9585	8	185
0.97547	0.92600	0.99900	2.38799	0.8889	0.3722	0.0415	0.9585	8	185
0.97547	0.92600	0.99900	2.38799	0.8889	0.3722	0.0415	0.9585	8	185
0.97152	0.92500	0.99800	1.69393	0.5556	0.3280	0.0298	0.9702	5	163
0.97123	0.92200	0.99800	1.68360	0.5556	0.3300	0.0296	0.9704	5	164
0.97032	0.91900	0.99800	1.65336	0.5556	0.3360	0.0291	0.9709	5	167
0.97032	0.91900	0.99800	1.65336	0.5556	0.3360	0.0291	0.9709	5	167
0.97032	0.91900	0.99800	1.65336	0.5556	0.3360	0.0291	0.9709	5	167
0.96884	0.91800	0.99800	1.60530	0.5556	0.3461	0.0282	0.9718	5	172
0.96884	0.91800	0.99800	1.60530	0.5556	0.3461	0.0282	0.9718	5	172
0.96884	0.91800	0.99800	1.60530	0.5556	0.3461	0.0282	0.9718	5	172
0.96093	0.88300	0.99800	1.42325	0.5556	0.3903	0.0251	0.9749	5	194
0.95494	0.88300	0.99300	1.33066	0.4444	0.3340	0.0235	0.9765	4	166
0.95494	0.88300	0.99300	1.33066	0.4444	0.3340	0.0235	0.9765	4	166
0.95494	0.88300	0.99300	1.33066	0.4444	0.3340	0.0235	0.9765	4	166
0.95436	0.85700	0.99300	1.32269	0.4444	0.3360	0.0234	0.9766	4	167
0.95058	0.85500	0.99200	0.98028	0.3333	0.3400	0.0174	0.9826	3	169
0.95058	0.85500	0.99200	0.98028	0.3333	0.3400	0.0174	0.9826	3	169
0.95058	0.85500	0.99200	0.98028	0.3333	0.3400	0.0174	0.9826	3	169
0.95058	0.85500	0.99200	0.98028	0.3333	0.3400	0.0174	0.9826	3	169
0.93165	0.80000	0.99000	0.57523	0.2222	0.3863	0.0103	0.9897	2	192
0.92102	0.78500	0.98400	0.00000	0.0000	0.3400	0.0000	1.0000	0	169
0.92102	0.78500	0.98400	0.00000	0.0000	0.3400	0.0000	1.0000	0	169
0.92021	0.78200	0.98400	0.00000	0.0000	0.3421	0.0000	1.0000	0	170
0.91777	0.78000	0.98400	0.00000	0.0000	0.3481	0.0000	1.0000	0	173
0.91777	0.78000	0.98400	0.00000	0.0000	0.3481	0.0000	1.0000	0	173
0.91777	0.78000	0.98400	0.00000	0.0000	0.3481	0.0000	1.0000	0	173
0.91614	0.77500	0.98400	0.00000	0.0000	0.3521	0.0000	1.0000	0	175
0.91332	0.77500	0.98200	0.00000	0.0000	0.3380	0.0000	1.0000	0	168
0.90809	0.77400	0.98000	0.00000	0.0000	0.3481	0.0000	1.0000	0	173
0.90809	0.77400	0.98000	0.00000	0.0000	0.3481	0.0000	1.0000	0	173
0.90725	0.77400	0.97900	0.00000	0.0000	0.3441	0.0000	1.0000	0	171
0.90725	0.77400	0.97900	0.00000	0.0000	0.3441	0.0000	1.0000	0	171
0.90725	0.77400	0.97900	0.00000	0.0000	0.3441	0.0000	1.0000	0	171
0.90725	0.77400	0.97900	0.00000	0.0000	0.3441	0.0000	1.0000	0	171
0.90645	0.77100	0.97900	0.00000	0.0000	0.3461	0.0000	1.0000	0	172
0.90477	0.76000	0.97900	0.00000	0.0000	0.3501	0.0000	1.0000	0	174
0.90477	0.76000	0.97900	0.00000	0.0000	0.3501	0.0000	1.0000	0	174
0.89995	0.75700	0.97600	0.00000	0.0000	0.3400	0.0000	1.0000	0	169
0.89949	0.75700	0.97400	0.00000	0.0000	0.3380	0.0000	1.0000	0	168
0.89860	0.74900	0.97400	0.00000	0.0000	0.3400	0.0000	1.0000	0	169
0.89483	0.73500	0.97100	0.00000	0.0000	0.3421	0.0000	1.0000	0	170
0.89438	0.73500	0.96800	0.00000	0.0000	0.3400	0.0000	1.0000	0	169
0.89438	0.73500	0.96800	0.00000	0.0000	0.3400	0.0000	1.0000	0	169
0.89338	0.72400	0.96800	0.00000	0.0000	0.3421	0.0000	1.0000	0	170
0.89232	0.71300	0.96800	0.00000	0.0000	0.3441	0.0000	1.0000	0	171
0.89010	0.70000	0.96800	0.00000	0.0000	0.3481	0.0000	1.0000	0	173
0.89010	0.70000	0.96800	0.00000	0.0000	0.3481	0.0000	1.0000	0	173
0.88467	0.69700	0.96800	0.00000	0.0000	0.3581	0.0000	1.0000	0	178
0.88467	0.69700	0.96800	0.00000	0.0000	0.3581	0.0000	1.0000	0	178
0.88467	0.69700	0.96800	0.00000	0.0000	0.3581	0.0000	1.0000	0	178
0.88467	0.69700	0.96800	0.00000	0.0000	0.3581	0.0000	1.0000	0	178
0.88467	0.69700	0.96800	0.00000	0.0000	0.3581	0.0000	1.0000	0	178
0.87801	0.68100	0.96700	0.00000	0.0000	0.3380	0.0000	1.0000	0	168
0.87683	0.67900	0.96700	0.00000	0.0000	0.3400	0.0000	1.0000	0	169
0.87442	0.67100	0.96700	0.00000	0.0000	0.3441	0.0000	1.0000	0	171
0.87442	0.67100	0.96700	0.00000	0.0000	0.3441	0.0000	1.0000	0	171
0.87323	0.67000	0.96700	0.00000	0.0000	0.3461	0.0000	1.0000	0	172
0.87201	0.66200	0.96700	0.00000	0.0000	0.3481	0.0000	1.0000	0	173
0.87080	0.66100	0.96700	0.00000	0.0000	0.3501	0.0000	1.0000	0	174
0.86426	0.65500	0.96400	0.00000	0.0000	0.3400	0.0000	1.0000	0	169
0.86426	0.65500	0.96400	0.00000	0.0000	0.3400	0.0000	1.0000	0	169
0.86302	0.65300	0.96400	0.00000	0.0000	0.3421	0.0000	1.0000	0	170
0.86049	0.64600	0.96400	0.00000	0.0000	0.3461	0.0000	1.0000	0	172
0.86049	0.64600	0.96400	0.00000	0.0000	0.3461	0.0000	1.0000	0	172
0.85677	0.64300	0.96400	0.00000	0.0000	0.3521	0.0000	1.0000	0	175
0.85296	0.64300	0.96300	0.00000	0.0000	0.3400	0.0000	1.0000	0	169
0.85296	0.64300	0.96300	0.00000	0.0000	0.3400	0.0000	1.0000	0	169
0.84423	0.63800	0.96200	0.00000	0.0000	0.3481	0.0000	1.0000	0	173
0.84423	0.63800	0.96200	0.00000	0.0000	0.3481	0.0000	1.0000	0	173
0.84423	0.63800	0.96200	0.00000	0.0000	0.3481	0.0000	1.0000	0	173
0.84423	0.63800	0.96200	0.00000	0.0000	0.3481	0.0000	1.0000	0	173
0.84423	0.63800	0.96200	0.00000	0.0000	0.3481	0.0000	1.0000	0	173
0.84423	0.63800	0.96200	0.00000	0.0000	0.3481	0.0000	1.0000	0	173
0.83928	0.62500	0.96200	0.00000	0.0000	0.3561	0.0000	1.0000	0	177
0.83422	0.62500	0.96100	0.00000	0.0000	0.3421	0.0000	1.0000	0	170
0.83422	0.62500	0.96100	0.00000	0.0000	0.3421	0.0000	1.0000	0	170
0.83422	0.62500	0.96100	0.00000	0.0000	0.3421	0.0000	1.0000	0	170
0.83070	0.62200	0.96000	0.00000	0.0000	0.3380	0.0000	1.0000	0	168
0.82867	0.61900	0.95900	0.00000	0.0000	0.3380	0.0000	1.0000	0	168
0.82663	0.61700	0.95700	0.00000	0.0000	0.3380	0.0000	1.0000	0	168
0.82283	0.61000	0.95700	0.00000	0.0000	0.3441	0.0000	1.0000	0	171
0.82124	0.61000	0.95500	0.00000	0.0000	0.3400	0.0000	1.0000	0	169
0.82124	0.61000	0.95500	0.00000	0.0000	0.3400	0.0000	1.0000	0	169
0.81971	0.56100	0.95500	0.00000	0.0000	0.3421	0.0000	1.0000	0	170
0.81667	0.55800	0.95500	0.00000	0.0000	0.3461	0.0000	1.0000	0	172
0.81667	0.55800	0.95500	0.00000	0.0000	0.3461	0.0000	1.0000	0	172
0.81507	0.54000	0.95500	0.00000	0.0000	0.3481	0.0000	1.0000	0	173
0.81342	0.52734	0.95500	0.00000	0.0000	0.3501	0.0000	1.0000	0	174
0.80575	0.51633	0.95400	0.00000	0.0000	0.3380	0.0000	1.0000	0	168
0.80231	0.51350	0.95400	0.00000	0.0000	0.3421	0.0000	1.0000	0	170
0.80231	0.51350	0.95400	0.00000	0.0000	0.3421	0.0000	1.0000	0	170
0.79886	0.50600	0.95400	0.00000	0.0000	0.3461	0.0000	1.0000	0	172
0.79886	0.50600	0.95400	0.00000	0.0000	0.3461	0.0000	1.0000	0	172
0.78905	0.50127	0.95200	0.00000	0.0000	0.3421	0.0000	1.0000	0	170
0.78905	0.50127	0.95200	0.00000	0.0000	0.3421	0.0000	1.0000	0	170
0.78905	0.50127	0.95200	0.00000	0.0000	0.3421	0.0000	1.0000	0	170
0.78548	0.48244	0.95200	0.00000	0.0000	0.3461	0.0000	1.0000	0	172
0.78152	0.48244	0.95000	0.00000	0.0000	0.3380	0.0000	1.0000	0	168
0.76767	0.47676	0.95000	0.00000	0.0000	0.3541	0.0000	1.0000	0	176
0.76557	0.47676	0.94800	0.00000	0.0000	0.3501	0.0000	1.0000	0	174
0.76557	0.47676	0.94800	0.00000	0.0000	0.3501	0.0000	1.0000	0	174
0.76557	0.47676	0.94800	0.00000	0.0000	0.3501	0.0000	1.0000	0	174
0.76557	0.47676	0.94800	0.00000	0.0000	0.3501	0.0000	1.0000	0	174
0.76557	0.47676	0.94800	0.00000	0.0000	0.3501	0.0000	1.0000	0	174
0.76017	0.47676	0.94300	0.00000	0.0000	0.3400	0.0000	1.0000	0	169
0.76017	0.47676	0.94300	0.00000	0.0000	0.3400	0.0000	1.0000	0	169
0.75358	0.47485	0.94300	0.00000	0.0000	0.3481	0.0000	1.0000	0	173
0.75023	0.47485	0.94100	0.00000	0.0000	0.3421	0.0000	1.0000	0	170
0.75023	0.47485	0.94100	0.00000	0.0000	0.3421	0.0000	1.0000	0	170
0.75023	0.47485	0.94100	0.00000	0.0000	0.3421	0.0000	1.0000	0	170
0.74862	0.47332	0.94100	0.00000	0.0000	0.3441	0.0000	1.0000	0	171
0.74701	0.47199	0.94100	0.00000	0.0000	0.3461	0.0000	1.0000	0	172
0.73329	0.46900	0.93700	0.00000	0.0000	0.3461	0.0000	1.0000	0	172
0.73329	0.46900	0.93700	0.00000	0.0000	0.3461	0.0000	1.0000	0	172
0.73089	0.46900	0.92900	0.00000	0.0000	0.3421	0.0000	1.0000	0	170
0.73089	0.46900	0.92900	0.00000	0.0000	0.3421	0.0000	1.0000	0	170
0.72853	0.46900	0.92600	0.00000	0.0000	0.3380	0.0000	1.0000	0	168
0.72241	0.46518	0.92600	0.00000	0.0000	0.3461	0.0000	1.0000	0	172
0.72241	0.46518	0.92600	0.00000	0.0000	0.3461	0.0000	1.0000	0	172
0.72241	0.46518	0.92600	0.00000	0.0000	0.3461	0.0000	1.0000	0	172
0.72241	0.46518	0.92600	0.00000	0.0000	0.3461	0.0000	1.0000	0	172
0.72090	0.46119	0.92600	0.00000	0.0000	0.3481	0.0000	1.0000	0	173
0.71940	0.46071	0.92600	0.00000	0.0000	0.3501	0.0000	1.0000	0	174
0.70924	0.45909	0.92500	0.00000	0.0000	0.3380	0.0000	1.0000	0	168
0.70645	0.45627	0.92200	0.00000	0.0000	0.3380	0.0000	1.0000	0	168
0.70076	0.45559	0.91900	0.00000	0.0000	0.3421	0.0000	1.0000	0	170
0.70076	0.45559	0.91900	0.00000	0.0000	0.3421	0.0000	1.0000	0	170
0.70076	0.45559	0.91900	0.00000	0.0000	0.3421	0.0000	1.0000	0	170
0.69397	0.45441	0.91800	0.00000	0.0000	0.3400	0.0000	1.0000	0	169
0.69397	0.45441	0.91800	0.00000	0.0000	0.3400	0.0000	1.0000	0	169
0.69254	0.45106	0.91800	0.00000	0.0000	0.3421	0.0000	1.0000	0	170
0.69112	0.45000	0.91800	0.00000	0.0000	0.3441	0.0000	1.0000	0	171
0.68972	0.44915	0.91800	0.00000	0.0000	0.3461	0.0000	1.0000	0	172
0.67875	0.44887	0.91100	0.00000	0.0000	0.3421	0.0000	1.0000	0	170
0.67738	0.44887	0.91000	0.00000	0.0000	0.3400	0.0000	1.0000	0	169
0.67738	0.44887	0.91000	0.00000	0.0000	0.3400	0.0000	1.0000	0	169
0.67324	0.44730	0.90900	0.00000	0.0000	0.3380	0.0000	1.0000	0	168
0.66916	0.44669	0.90800	0.00000	0.0000	0.3400	0.0000	1.0000	0	169
0.66774	0.44669	0.90700	0.00000	0.0000	0.3380	0.0000	1.0000	0	168
0.66514	0.44637	0.90700	0.00000	0.0000	0.3421	0.0000	1.0000	0	170
0.66514	0.44637	0.90700	0.00000	0.0000	0.3421	0.0000	1.0000	0	170
0.65451	0.44466	0.90400	0.00000	0.0000	0.3461	0.0000	1.0000	0	172
0.65305	0.44466	0.90300	0.00000	0.0000	0.3441	0.0000	1.0000	0	171
0.65305	0.44466	0.90300	0.00000	0.0000	0.3441	0.0000	1.0000	0	171
0.65009	0.44466	0.89900	0.00000	0.0000	0.3400	0.0000	1.0000	0	169
0.64861	0.44466	0.88900	0.00000	0.0000	0.3380	0.0000	1.0000	0	168
0.63700	0.44199	0.88900	0.00000	0.0000	0.3581	0.0000	1.0000	0	178
0.63700	0.44199	0.88900	0.00000	0.0000	0.3581	0.0000	1.0000	0	178
0.63700	0.44199	0.88900	0.00000	0.0000	0.3581	0.0000	1.0000	0	178
0.63700	0.44199	0.88900	0.00000	0.0000	0.3581	0.0000	1.0000	0	178
0.62972	0.44199	0.88600	0.00000	0.0000	0.3481	0.0000	1.0000	0	173
0.62823	0.44199	0.88300	0.00000	0.0000	0.3461	0.0000	1.0000	0	172
0.62823	0.44199	0.88300	0.00000	0.0000	0.3461	0.0000	1.0000	0	172
0.62823	0.44199	0.88300	0.00000	0.0000	0.3461	0.0000	1.0000	0	172
0.62823	0.44199	0.88300	0.00000	0.0000	0.3461	0.0000	1.0000	0	172
0.62216	0.44199	0.85700	0.00000	0.0000	0.3380	0.0000	1.0000	0	168
0.61860	0.43862	0.85500	0.00000	0.0000	0.3400	0.0000	1.0000	0	169
0.61860	0.43862	0.85500	0.00000	0.0000	0.3400	0.0000	1.0000	0	169
0.61647	0.43671	0.85500	0.00000	0.0000	0.3441	0.0000	1.0000	0	171
0.61647	0.43671	0.85500	0.00000	0.0000	0.3441	0.0000	1.0000	0	171
0.60650	0.43602	0.85500	0.00000	0.0000	0.3642	0.0000	1.0000	0	181
0.59944	0.43602	0.84400	0.00000	0.0000	0.3541	0.0000	1.0000	0	176
0.59805	0.43602	0.83900	0.00000	0.0000	0.3521	0.0000	1.0000	0	175
0.59666	0.43602	0.83200	0.00000	0.0000	0.3501	0.0000	1.0000	0	174
0.59666	0.43602	0.83200	0.00000	0.0000	0.3501	0.0000	1.0000	0	174
0.59393	0.43602	0.83000	0.00000	0.0000	0.3461	0.0000	1.0000	0	172
0.59393	0.43602	0.83000	0.00000	0.0000	0.3461	0.0000	1.0000	0	172
0.59115	0.43602	0.82300	0.00000	0.0000	0.3421	0.0000	1.0000	0	170
0.59115	0.43602	0.82300	0.00000	0.0000	0.3421	0.0000	1.0000	0	170
0.59115	0.43602	0.82300	0.00000	0.0000	0.3421	0.0000	1.0000	0	170
0.57840	0.43509	0.82200	0.00000	0.0000	0.3561	0.0000	1.0000	0	177
0.57702	0.43509	0.82100	0.00000	0.0000	0.3541	0.0000	1.0000	0	176
0.57562	0.43509	0.81900	0.00000	0.0000	0.3521	0.0000	1.0000	0	175
0.57562	0.43509	0.81900	0.00000	0.0000	0.3521	0.0000	1.0000	0	175
0.57281	0.43509	0.80700	0.00000	0.0000	0.3481	0.0000	1.0000	0	173
0.57145	0.43509	0.80600	0.00000	0.0000	0.3461	0.0000	1.0000	0	172
0.57145	0.43509	0.80600	0.00000	0.0000	0.3461	0.0000	1.0000	0	172
0.56869	0.43509	0.80500	0.00000	0.0000	0.3421	0.0000	1.0000	0	170
0.56869	0.43509	0.80500	0.00000	0.0000	0.3421	0.0000	1.0000	0	170
0.56869	0.43509	0.80500	0.00000	0.0000	0.3421	0.0000	1.0000	0	170
0.56408	0.43359	0.80500	0.00000	0.0000	0.3541	0.0000	1.0000	0	176
0.56408	0.43359	0.80500	0.00000	0.0000	0.3541	0.0000	1.0000	0	176
0.56408	0.43359	0.80500	0.00000	0.0000	0.3541	0.0000	1.0000	0	176
0.55558	0.43359	0.80200	0.00000	0.0000	0.3421	0.0000	1.0000	0	170
0.55558	0.43359	0.80200	0.00000	0.0000	0.3421	0.0000	1.0000	0	170
0.55265	0.43359	0.80000	0.00000	0.0000	0.3380	0.0000	1.0000	0	168
0.55194	0.43251	0.80000	0.00000	0.0000	0.3400	0.0000	1.0000	0	169
0.54826	0.42962	0.78500	0.00000	0.0000	0.3380	0.0000	1.0000	0	168
0.54753	0.42616	0.78500	0.00000	0.0000	0.3400	0.0000	1.0000	0	169
0.53991	0.42599	0.78200	0.00000	0.0000	0.3501	0.0000	1.0000	0	174
0.53851	0.42599	0.78000	0.00000	0.0000	0.3481	0.0000	1.0000	0	173
0.53851	0.42599	0.78000	0.00000	0.0000	0.3481	0.0000	1.0000	0	173
0.53851	0.42599	0.78000	0.00000	0.0000	0.3481	0.0000	1.0000	0	173
0.53425	0.42599	0.77500	0.00000	0.0000	0.3421	0.0000	1.0000	0	170
0.53425	0.42599	0.77500	0.00000	0.0000	0.3421	0.0000	1.0000	0	170
0.53139	0.42599	0.77400	0.00000	0.0000	0.3380	0.0000	1.0000	0	168
0.53076	0.42550	0.77400	0.00000	0.0000	0.3400	0.0000	1.0000	0	169
0.53014	0.42478	0.77400	0.00000	0.0000	0.3421	0.0000	1.0000	0	170
0.52951	0.42220	0.77400	0.00000	0.0000	0.3441	0.0000	1.0000	0	171
0.52888	0.42179	0.77400	0.00000	0.0000	0.3461	0.0000	1.0000	0	172
0.52826	0.42159	0.77400	0.00000	0.0000	0.3481	0.0000	1.0000	0	173
0.51826	0.42090	0.77100	0.00000	0.0000	0.3400	0.0000	1.0000	0	169
0.51676	0.42090	0.76000	0.00000	0.0000	0.3380	0.0000	1.0000	0	168
0.51561	0.41900	0.76000	0.00000	0.0000	0.3421	0.0000	1.0000	0	170
0.51270	0.41900	0.75700	0.00000	0.0000	0.3380	0.0000	1.0000	0	168
0.51159	0.41866	0.75700	0.00000	0.0000	0.3421	0.0000	1.0000	0	170
0.50867	0.41866	0.74900	0.00000	0.0000	0.3380	0.0000	1.0000	0	168
0.50667	0.41293	0.73500	0.00000	0.0000	0.3380	0.0000	1.0000	0	168
0.50557	0.41265	0.73500	0.00000	0.0000	0.3421	0.0000	1.0000	0	170
0.50557	0.41265	0.73500	0.00000	0.0000	0.3421	0.0000	1.0000	0	170
0.49886	0.41237	0.72400	0.00000	0.0000	0.3461	0.0000	1.0000	0	172
0.49754	0.41237	0.71300	0.00000	0.0000	0.3441	0.0000	1.0000	0	171
0.49627	0.41237	0.70000	0.00000	0.0000	0.3421	0.0000	1.0000	0	170
0.49627	0.41237	0.70000	0.00000	0.0000	0.3421	0.0000	1.0000	0	170
0.49385	0.41237	0.69700	0.00000	0.0000	0.3380	0.0000	1.0000	0	168
0.49335	0.40987	0.69700	0.00000	0.0000	0.3400	0.0000	1.0000	0	169
0.49285	0.40780	0.69700	0.00000	0.0000	0.3421	0.0000	1.0000	0	170
0.49234	0.40715	0.69700	0.00000	0.0000	0.3441	0.0000	1.0000	0	171
0.49183	0.40408	0.69700	0.00000	0.0000	0.3461	0.0000	1.0000	0	172
0.48520	0.40341	0.68100	0.00000	0.0000	0.3380	0.0000	1.0000	0	168
0.48354	0.40159	0.67900	0.00000	0.0000	0.3380	0.0000	1.0000	0	168
0.48187	0.39922	0.67100	0.00000	0.0000	0.3380	0.0000	1.0000	0	168
0.48138	0.39905	0.67100	0.00000	0.0000	0.3400	0.0000	1.0000	0	169
0.47814	0.39686	0.67000	0.00000	0.0000	0.3400	0.0000	1.0000	0	169
0.47699	0.39686	0.66200	0.00000	0.0000	0.3380	0.0000	1.0000	0	168
0.47541	0.39563	0.66100	0.00000	0.0000	0.3380	0.0000	1.0000	0	168
0.47333	0.39239	0.65500	0.00000	0.0000	0.3400	0.0000	1.0000	0	169
0.47333	0.39239	0.65500	0.00000	0.0000	0.3400	0.0000	1.0000	0	169
0.47066	0.38805	0.65300	0.00000	0.0000	0.3380	0.0000	1.0000	0	168
0.46908	0.38766	0.64600	0.00000	0.0000	0.3380	0.0000	1.0000	0	168
0.46806	0.38271	0.64600	0.00000	0.0000	0.3421	0.0000	1.0000	0	170
0.46594	0.38271	0.64300	0.00000	0.0000	0.3380	0.0000	1.0000	0	168
0.46545	0.38207	0.64300	0.00000	0.0000	0.3400	0.0000	1.0000	0	169
0.46495	0.38118	0.64300	0.00000	0.0000	0.3421	0.0000	1.0000	0	170
0.46031	0.38004	0.63800	0.00000	0.0000	0.3421	0.0000	1.0000	0	170
0.46031	0.38004	0.63800	0.00000	0.0000	0.3421	0.0000	1.0000	0	170
0.46031	0.38004	0.63800	0.00000	0.0000	0.3421	0.0000	1.0000	0	170
0.45981	0.37386	0.63800	0.00000	0.0000	0.3441	0.0000	1.0000	0	171
0.45879	0.37203	0.63800	0.00000	0.0000	0.3481	0.0000	1.0000	0	173
0.45879	0.37203	0.63800	0.00000	0.0000	0.3481	0.0000	1.0000	0	173
0.45138	0.37027	0.62500	0.00000	0.0000	0.3400	0.0000	1.0000	0	169
0.45138	0.37027	0.62500	0.00000	0.0000	0.3400	0.0000	1.0000	0	169
0.45087	0.36500	0.62500	0.00000	0.0000	0.3421	0.0000	1.0000	0	170
0.45033	0.35850	0.62500	0.00000	0.0000	0.3441	0.0000	1.0000	0	171
0.44498	0.34696	0.62200	0.00000	0.0000	0.3400	0.0000	1.0000	0	169
0.44392	0.34696	0.61900	0.00000	0.0000	0.3380	0.0000	1.0000	0	168
0.44225	0.33813	0.61700	0.00000	0.0000	0.3380	0.0000	1.0000	0	168
0.44055	0.33088	0.61000	0.00000	0.0000	0.3380	0.0000	1.0000	0	168
0.43989	0.32998	0.61000	0.00000	0.0000	0.3400	0.0000	1.0000	0	169
0.43859	0.32821	0.61000	0.00000	0.0000	0.3441	0.0000	1.0000	0	171
0.43553	0.32821	0.56100	0.00000	0.0000	0.3380	0.0000	1.0000	0	168
0.43405	0.31402	0.55800	0.00000	0.0000	0.3380	0.0000	1.0000	0	168
0.43334	0.31248	0.55800	0.00000	0.0000	0.3400	0.0000	1.0000	0	169
0.43110	0.30777	0.54000	0.00000	0.0000	0.3380	0.0000	1.0000	0	168
0.42899	0.30671	0.52734	0.00000	0.0000	0.3400	0.0000	1.0000	0	169
0.42840	0.30671	0.51633	0.00000	0.0000	0.3380	0.0000	1.0000	0	168
0.42712	0.30011	0.51350	0.00000	0.0000	0.3380	0.0000	1.0000	0	168
0.42520	0.26401	0.51350	0.00000	0.0000	0.3421	0.0000	1.0000	0	170
0.42415	0.26401	0.50600	0.00000	0.0000	0.3380	0.0000	1.0000	0	168
0.42317	0.25979	0.50600	0.00000	0.0000	0.3400	0.0000	1.0000	0	169
0.42101	0.22611	0.50127	0.00000	0.0000	0.3380	0.0000	1.0000	0	168
0.41846	0.20400	0.50127	0.00000	0.0000	0.3421	0.0000	1.0000	0	170
0.41846	0.20400	0.50127	0.00000	0.0000	0.3421	0.0000	1.0000	0	170
0.41521	0.12141	0.48244	0.00000	0.0000	0.3380	0.0000	1.0000	0	168
0.41033	0.00000	0.48244	0.00000	0.0000	0.3421	0.0000	1.0000	0	170
0.40947	0.00000	0.47676	0.00000	0.0000	0.3380	0.0000	1.0000	0	168
