Score	Lower bound	Upper bound	Likelihood	TPR	FPR	PPV	FDR	No. positives	No. negatives
0.70465	0.43661	1.00000	2.44865	1.0000	0.4084	0.0314	0.9686	6	185
0.69875	0.43601	0.99900	2.44865	1.0000	0.4084	0.0314	0.9686	6	185
0.69875	0.43601	0.99900	2.44865	1.0000	0.4084	0.0314	0.9686	6	185
0.69736	0.43332	0.99900	2.43548	1.0000	0.4106	0.0312	0.9688	6	186
0.69598	0.43097	0.99900	2.42246	1.0000	0.4128	0.0311	0.9689	6	187
0.69460	0.42816	0.99900	2.40957	1.0000	0.4150	0.0309	0.9691	6	188
0.68275	0.42714	0.99900	2.29949	1.0000	0.4349	0.0296	0.9704	6	197
0.68275	0.42714	0.99900	2.29949	1.0000	0.4349	0.0296	0.9704	6	197
0.68275	0.42714	0.99900	2.29949	1.0000	0.4349	0.0296	0.9704	6	197
0.68275	0.42714	0.99900	2.29949	1.0000	0.4349	0.0296	0.9704	6	197
0.68275	0.42714	0.99900	2.29949	1.0000	0.4349	0.0296	0.9704	6	197
0.68275	0.42714	0.99900	2.29949	1.0000	0.4349	0.0296	0.9704	6	197
0.68275	0.42714	0.99900	2.29949	1.0000	0.4349	0.0296	0.9704	6	197
0.68275	0.42714	0.99900	2.29949	1.0000	0.4349	0.0296	0.9704	6	197
0.68275	0.42714	0.99900	2.29949	1.0000	0.4349	0.0296	0.9704	6	197
0.68024	0.42573	0.99900	2.27638	1.0000	0.4393	0.0293	0.9707	6	199
0.68024	0.42573	0.99900	2.27638	1.0000	0.4393	0.0293	0.9707	6	199
0.67900	0.42559	0.99900	2.26500	1.0000	0.4415	0.0291	0.9709	6	200
0.67778	0.42535	0.99900	2.25373	1.0000	0.4437	0.0290	0.9710	6	201
0.67536	0.42507	0.99900	2.23153	1.0000	0.4481	0.0287	0.9713	6	203
0.63728	0.42507	0.99800	0.81622	0.3333	0.4084	0.0107	0.9893	2	185
0.63310	0.42484	0.99700	0.81183	0.3333	0.4106	0.0106	0.9894	2	186
0.63310	0.42484	0.99700	0.81183	0.3333	0.4106	0.0106	0.9894	2	186
0.62701	0.42398	0.99600	0.81183	0.3333	0.4106	0.0106	0.9894	2	186
0.62701	0.42398	0.99600	0.81183	0.3333	0.4106	0.0106	0.9894	2	186
0.62381	0.42307	0.99600	0.79894	0.3333	0.4172	0.0105	0.9895	2	189
0.61380	0.42277	0.99300	0.79474	0.3333	0.4194	0.0104	0.9896	2	190
0.61380	0.42277	0.99300	0.79474	0.3333	0.4194	0.0104	0.9896	2	190
0.61380	0.42277	0.99300	0.79474	0.3333	0.4194	0.0104	0.9896	2	190
0.61380	0.42277	0.99300	0.79474	0.3333	0.4194	0.0104	0.9896	2	190
0.61281	0.42207	0.99300	0.79058	0.3333	0.4216	0.0104	0.9896	2	191
0.60988	0.42143	0.99300	0.77835	0.3333	0.4283	0.0102	0.9898	2	194
0.60988	0.42143	0.99300	0.77835	0.3333	0.4283	0.0102	0.9898	2	194
0.60608	0.41957	0.99300	0.76263	0.3333	0.4371	0.0100	0.9900	2	198
0.57379	0.41907	0.97800	0.39947	0.1667	0.4172	0.0053	0.9947	1	189
0.53635	0.40314	0.97000	0.31198	0.1667	0.5342	0.0041	0.9959	1	242
0.44780	0.40187	0.65000	0.00000	0.0000	0.4172	0.0000	1.0000	0	189
0.44780	0.40187	0.65000	0.00000	0.0000	0.4172	0.0000	1.0000	0	189
0.44707	0.40145	0.65000	0.00000	0.0000	0.4238	0.0000	1.0000	0	192
0.44276	0.40145	0.63600	0.00000	0.0000	0.4150	0.0000	1.0000	0	188
0.44276	0.40145	0.63600	0.00000	0.0000	0.4150	0.0000	1.0000	0	188
0.43984	0.40063	0.62300	0.00000	0.0000	0.4194	0.0000	1.0000	0	190
0.43887	0.40063	0.61900	0.00000	0.0000	0.4172	0.0000	1.0000	0	189
0.43887	0.40063	0.61900	0.00000	0.0000	0.4172	0.0000	1.0000	0	189
0.43887	0.40063	0.61900	0.00000	0.0000	0.4172	0.0000	1.0000	0	189
0.43557	0.39940	0.60800	0.00000	0.0000	0.4150	0.0000	1.0000	0	188
0.43465	0.39940	0.58600	0.00000	0.0000	0.4128	0.0000	1.0000	0	187
0.43446	0.39798	0.58600	0.00000	0.0000	0.4150	0.0000	1.0000	0	188
0.43406	0.39681	0.58600	0.00000	0.0000	0.4194	0.0000	1.0000	0	190
0.43406	0.39681	0.58600	0.00000	0.0000	0.4194	0.0000	1.0000	0	190
0.43061	0.39637	0.55200	0.00000	0.0000	0.4128	0.0000	1.0000	0	187
0.43042	0.39598	0.55200	0.00000	0.0000	0.4150	0.0000	1.0000	0	188
0.42988	0.39574	0.55200	0.00000	0.0000	0.4216	0.0000	1.0000	0	191
0.42988	0.39574	0.55200	0.00000	0.0000	0.4216	0.0000	1.0000	0	191
0.42727	0.39574	0.54300	0.00000	0.0000	0.4128	0.0000	1.0000	0	187
0.42631	0.39479	0.48200	0.00000	0.0000	0.4150	0.0000	1.0000	0	188
0.42601	0.39479	0.46800	0.00000	0.0000	0.4128	0.0000	1.0000	0	187
0.42584	0.39450	0.46800	0.00000	0.0000	0.4150	0.0000	1.0000	0	188
0.42567	0.39439	0.46800	0.00000	0.0000	0.4172	0.0000	1.0000	0	189
0.42449	0.39319	0.46565	0.00000	0.0000	0.4172	0.0000	1.0000	0	189
0.42427	0.39319	0.46425	0.00000	0.0000	0.4150	0.0000	1.0000	0	188
0.42405	0.39319	0.46378	0.00000	0.0000	0.4128	0.0000	1.0000	0	187
0.42271	0.39279	0.46351	0.00000	0.0000	0.4260	0.0000	1.0000	0	193
0.42271	0.39279	0.46351	0.00000	0.0000	0.4260	0.0000	1.0000	0	193
0.42229	0.39279	0.45909	0.00000	0.0000	0.4216	0.0000	1.0000	0	191
0.42209	0.39279	0.45863	0.00000	0.0000	0.4194	0.0000	1.0000	0	190
0.42190	0.39279	0.45539	0.00000	0.0000	0.4172	0.0000	1.0000	0	189
0.42172	0.39279	0.45490	0.00000	0.0000	0.4150	0.0000	1.0000	0	188
0.42172	0.39279	0.45490	0.00000	0.0000	0.4150	0.0000	1.0000	0	188
0.42156	0.39119	0.45490	0.00000	0.0000	0.4172	0.0000	1.0000	0	189
0.42140	0.39056	0.45490	0.00000	0.0000	0.4194	0.0000	1.0000	0	190
0.42107	0.39040	0.45490	0.00000	0.0000	0.4238	0.0000	1.0000	0	192
0.42017	0.39040	0.45400	0.00000	0.0000	0.4128	0.0000	1.0000	0	187
0.41982	0.38880	0.45295	0.00000	0.0000	0.4128	0.0000	1.0000	0	187
0.41916	0.38844	0.45295	0.00000	0.0000	0.4216	0.0000	1.0000	0	191
0.41881	0.38844	0.44644	0.00000	0.0000	0.4172	0.0000	1.0000	0	189
0.41866	0.38844	0.44526	0.00000	0.0000	0.4150	0.0000	1.0000	0	188
0.41866	0.38844	0.44526	0.00000	0.0000	0.4150	0.0000	1.0000	0	188
0.41834	0.38806	0.44526	0.00000	0.0000	0.4194	0.0000	1.0000	0	190
0.41834	0.38806	0.44526	0.00000	0.0000	0.4194	0.0000	1.0000	0	190
0.41744	0.38760	0.44444	0.00000	0.0000	0.4150	0.0000	1.0000	0	188
0.41744	0.38760	0.44444	0.00000	0.0000	0.4150	0.0000	1.0000	0	188
0.41665	0.38721	0.44444	0.00000	0.0000	0.4260	0.0000	1.0000	0	193
0.41622	0.38721	0.44356	0.00000	0.0000	0.4194	0.0000	1.0000	0	190
0.41607	0.38721	0.44222	0.00000	0.0000	0.4172	0.0000	1.0000	0	189
0.41593	0.38721	0.44178	0.00000	0.0000	0.4150	0.0000	1.0000	0	188
0.41593	0.38721	0.44178	0.00000	0.0000	0.4150	0.0000	1.0000	0	188
0.41578	0.38679	0.44178	0.00000	0.0000	0.4172	0.0000	1.0000	0	189
0.41546	0.38558	0.44178	0.00000	0.0000	0.4216	0.0000	1.0000	0	191
0.41490	0.38558	0.44100	0.00000	0.0000	0.4128	0.0000	1.0000	0	187
0.41414	0.38529	0.44044	0.00000	0.0000	0.4194	0.0000	1.0000	0	190
0.41414	0.38529	0.44044	0.00000	0.0000	0.4194	0.0000	1.0000	0	190
0.41400	0.38529	0.44039	0.00000	0.0000	0.4172	0.0000	1.0000	0	189
0.41400	0.38529	0.44039	0.00000	0.0000	0.4172	0.0000	1.0000	0	189
0.41354	0.38481	0.44039	0.00000	0.0000	0.4238	0.0000	1.0000	0	192
0.41354	0.38481	0.44039	0.00000	0.0000	0.4238	0.0000	1.0000	0	192
0.41283	0.38481	0.44000	0.00000	0.0000	0.4128	0.0000	1.0000	0	187
0.41253	0.38441	0.44000	0.00000	0.0000	0.4172	0.0000	1.0000	0	189
0.41253	0.38441	0.44000	0.00000	0.0000	0.4172	0.0000	1.0000	0	189
0.41208	0.38401	0.44000	0.00000	0.0000	0.4238	0.0000	1.0000	0	192
0.41149	0.38401	0.43921	0.00000	0.0000	0.4150	0.0000	1.0000	0	188
0.41149	0.38401	0.43921	0.00000	0.0000	0.4150	0.0000	1.0000	0	188
0.41134	0.38328	0.43921	0.00000	0.0000	0.4172	0.0000	1.0000	0	189
0.41074	0.38303	0.43910	0.00000	0.0000	0.4128	0.0000	1.0000	0	187
0.41059	0.38287	0.43910	0.00000	0.0000	0.4150	0.0000	1.0000	0	188
0.41044	0.38153	0.43910	0.00000	0.0000	0.4172	0.0000	1.0000	0	189
0.40893	0.38121	0.43867	0.00000	0.0000	0.4260	0.0000	1.0000	0	193
0.40893	0.38121	0.43867	0.00000	0.0000	0.4260	0.0000	1.0000	0	193
0.40893	0.38121	0.43867	0.00000	0.0000	0.4260	0.0000	1.0000	0	193
0.40893	0.38121	0.43867	0.00000	0.0000	0.4260	0.0000	1.0000	0	193
0.40830	0.38121	0.43802	0.00000	0.0000	0.4172	0.0000	1.0000	0	189
0.40830	0.38121	0.43802	0.00000	0.0000	0.4172	0.0000	1.0000	0	189
0.40830	0.38121	0.43802	0.00000	0.0000	0.4172	0.0000	1.0000	0	189
0.40815	0.37922	0.43802	0.00000	0.0000	0.4194	0.0000	1.0000	0	190
0.40704	0.37814	0.43734	0.00000	0.0000	0.4172	0.0000	1.0000	0	189
0.40704	0.37814	0.43734	0.00000	0.0000	0.4172	0.0000	1.0000	0	189
0.40704	0.37814	0.43734	0.00000	0.0000	0.4172	0.0000	1.0000	0	189
0.40672	0.37662	0.43734	0.00000	0.0000	0.4216	0.0000	1.0000	0	191
0.40672	0.37662	0.43734	0.00000	0.0000	0.4216	0.0000	1.0000	0	191
0.40657	0.37650	0.43734	0.00000	0.0000	0.4238	0.0000	1.0000	0	192
0.40640	0.37403	0.43734	0.00000	0.0000	0.4260	0.0000	1.0000	0	193
0.40623	0.37382	0.43734	0.00000	0.0000	0.4283	0.0000	1.0000	0	194
0.40571	0.37231	0.43734	0.00000	0.0000	0.4349	0.0000	1.0000	0	197
0.40571	0.37231	0.43734	0.00000	0.0000	0.4349	0.0000	1.0000	0	197
0.40402	0.37231	0.43661	0.00000	0.0000	0.4128	0.0000	1.0000	0	187
0.40334	0.37181	0.43601	0.00000	0.0000	0.4172	0.0000	1.0000	0	189
0.40334	0.37181	0.43601	0.00000	0.0000	0.4172	0.0000	1.0000	0	189
0.40299	0.37181	0.43332	0.00000	0.0000	0.4128	0.0000	1.0000	0	187
0.40216	0.37112	0.43097	0.00000	0.0000	0.4194	0.0000	1.0000	0	190
0.40201	0.37112	0.42816	0.00000	0.0000	0.4172	0.0000	1.0000	0	189
0.40187	0.37112	0.42714	0.00000	0.0000	0.4150	0.0000	1.0000	0	188
0.40187	0.37112	0.42714	0.00000	0.0000	0.4150	0.0000	1.0000	0	188
0.40169	0.36939	0.42714	0.00000	0.0000	0.4172	0.0000	1.0000	0	189
0.40117	0.36783	0.42714	0.00000	0.0000	0.4238	0.0000	1.0000	0	192
0.40117	0.36783	0.42714	0.00000	0.0000	0.4238	0.0000	1.0000	0	192
0.40117	0.36783	0.42714	0.00000	0.0000	0.4238	0.0000	1.0000	0	192
0.40064	0.36672	0.42714	0.00000	0.0000	0.4305	0.0000	1.0000	0	195
0.40064	0.36672	0.42714	0.00000	0.0000	0.4305	0.0000	1.0000	0	195
0.40064	0.36672	0.42714	0.00000	0.0000	0.4305	0.0000	1.0000	0	195
0.39899	0.36554	0.42573	0.00000	0.0000	0.4150	0.0000	1.0000	0	188
0.39899	0.36554	0.42573	0.00000	0.0000	0.4150	0.0000	1.0000	0	188
0.39835	0.36492	0.42559	0.00000	0.0000	0.4150	0.0000	1.0000	0	188
0.39820	0.36492	0.42535	0.00000	0.0000	0.4128	0.0000	1.0000	0	187
0.39787	0.36419	0.42516	0.00000	0.0000	0.4128	0.0000	1.0000	0	187
0.39769	0.36365	0.42516	0.00000	0.0000	0.4150	0.0000	1.0000	0	188
0.39720	0.36096	0.42484	0.00000	0.0000	0.4128	0.0000	1.0000	0	187
0.39700	0.35861	0.42484	0.00000	0.0000	0.4150	0.0000	1.0000	0	188
0.39647	0.35511	0.42398	0.00000	0.0000	0.4128	0.0000	1.0000	0	187
0.39623	0.35084	0.42398	0.00000	0.0000	0.4150	0.0000	1.0000	0	188
0.39569	0.34993	0.42352	0.00000	0.0000	0.4128	0.0000	1.0000	0	187
0.39528	0.34698	0.42313	0.00000	0.0000	0.4128	0.0000	1.0000	0	187
0.39499	0.34047	0.42313	0.00000	0.0000	0.4150	0.0000	1.0000	0	188
0.39439	0.33967	0.42286	0.00000	0.0000	0.4128	0.0000	1.0000	0	187
0.39375	0.33342	0.42286	0.00000	0.0000	0.4172	0.0000	1.0000	0	189
0.39375	0.33342	0.42286	0.00000	0.0000	0.4172	0.0000	1.0000	0	189
0.39311	0.33312	0.42286	0.00000	0.0000	0.4216	0.0000	1.0000	0	191
0.39248	0.33312	0.42207	0.00000	0.0000	0.4128	0.0000	1.0000	0	187
0.39200	0.33238	0.42143	0.00000	0.0000	0.4128	0.0000	1.0000	0	187
0.39135	0.33075	0.42143	0.00000	0.0000	0.4172	0.0000	1.0000	0	189
0.39135	0.33075	0.42143	0.00000	0.0000	0.4172	0.0000	1.0000	0	189
0.39053	0.32842	0.42004	0.00000	0.0000	0.4128	0.0000	1.0000	0	187
0.38952	0.32692	0.42004	0.00000	0.0000	0.4194	0.0000	1.0000	0	190
0.38920	0.32692	0.41957	0.00000	0.0000	0.4150	0.0000	1.0000	0	188
0.38920	0.32692	0.41957	0.00000	0.0000	0.4150	0.0000	1.0000	0	188
0.38850	0.31978	0.41931	0.00000	0.0000	0.4128	0.0000	1.0000	0	187
0.38814	0.31934	0.41931	0.00000	0.0000	0.4150	0.0000	1.0000	0	188
0.38742	0.31645	0.41907	0.00000	0.0000	0.4128	0.0000	1.0000	0	187
0.38664	0.31351	0.41907	0.00000	0.0000	0.4172	0.0000	1.0000	0	189
0.38629	0.31351	0.41819	0.00000	0.0000	0.4128	0.0000	1.0000	0	187
0.38547	0.30908	0.41819	0.00000	0.0000	0.4172	0.0000	1.0000	0	189
0.38547	0.30908	0.41819	0.00000	0.0000	0.4172	0.0000	1.0000	0	189
0.38498	0.29178	0.41819	0.00000	0.0000	0.4194	0.0000	1.0000	0	190
0.38448	0.28900	0.41819	0.00000	0.0000	0.4216	0.0000	1.0000	0	191
0.38306	0.28828	0.41672	0.00000	0.0000	0.4128	0.0000	1.0000	0	187
0.38195	0.27755	0.41672	0.00000	0.0000	0.4172	0.0000	1.0000	0	189
0.38195	0.27755	0.41672	0.00000	0.0000	0.4172	0.0000	1.0000	0	189
0.38138	0.27512	0.41672	0.00000	0.0000	0.4194	0.0000	1.0000	0	190
0.38081	0.27245	0.41672	0.00000	0.0000	0.4216	0.0000	1.0000	0	191
0.38025	0.27209	0.41672	0.00000	0.0000	0.4238	0.0000	1.0000	0	192
0.37903	0.26269	0.41672	0.00000	0.0000	0.4283	0.0000	1.0000	0	194
0.37903	0.26269	0.41672	0.00000	0.0000	0.4283	0.0000	1.0000	0	194
0.37843	0.26074	0.41672	0.00000	0.0000	0.4305	0.0000	1.0000	0	195
0.37593	0.25523	0.41652	0.00000	0.0000	0.4128	0.0000	1.0000	0	187
0.37527	0.25126	0.41652	0.00000	0.0000	0.4150	0.0000	1.0000	0	188
0.37343	0.24429	0.41619	0.00000	0.0000	0.4150	0.0000	1.0000	0	188
0.37320	0.24429	0.41605	0.00000	0.0000	0.4128	0.0000	1.0000	0	187
0.37226	0.24006	0.41568	0.00000	0.0000	0.4128	0.0000	1.0000	0	187
0.37143	0.21595	0.41568	0.00000	0.0000	0.4150	0.0000	1.0000	0	188
0.37055	0.20403	0.41568	0.00000	0.0000	0.4172	0.0000	1.0000	0	189
0.36888	0.19437	0.41526	0.00000	0.0000	0.4128	0.0000	1.0000	0	187
0.36701	0.19190	0.41526	0.00000	0.0000	0.4172	0.0000	1.0000	0	189
0.36649	0.19190	0.41455	0.00000	0.0000	0.4128	0.0000	1.0000	0	187
0.36428	0.18271	0.41384	0.00000	0.0000	0.4150	0.0000	1.0000	0	188
0.36428	0.18271	0.41384	0.00000	0.0000	0.4150	0.0000	1.0000	0	188
0.36331	0.18163	0.41384	0.00000	0.0000	0.4172	0.0000	1.0000	0	189
0.36136	0.17633	0.41384	0.00000	0.0000	0.4216	0.0000	1.0000	0	191
0.36136	0.17633	0.41384	0.00000	0.0000	0.4216	0.0000	1.0000	0	191
0.35896	0.17606	0.41317	0.00000	0.0000	0.4128	0.0000	1.0000	0	187
0.35769	0.17578	0.41275	0.00000	0.0000	0.4128	0.0000	1.0000	0	187
0.35669	0.16890	0.41275	0.00000	0.0000	0.4150	0.0000	1.0000	0	188
0.35455	0.15382	0.41275	0.00000	0.0000	0.4194	0.0000	1.0000	0	190
0.35455	0.15382	0.41275	0.00000	0.0000	0.4194	0.0000	1.0000	0	190
0.35239	0.14681	0.41275	0.00000	0.0000	0.4238	0.0000	1.0000	0	192
0.35239	0.14681	0.41275	0.00000	0.0000	0.4238	0.0000	1.0000	0	192
0.34902	0.08429	0.41025	0.00000	0.0000	0.4128	0.0000	1.0000	0	187
0.34533	0.00000	0.41025	0.00000	0.0000	0.4172	0.0000	1.0000	0	189
0.34463	0.00000	0.40960	0.00000	0.0000	0.4128	0.0000	1.0000	0	187
