Score	Lower bound	Upper bound	Likelihood	TPR	FPR	PPV	FDR	No. positives	No. negatives
0.46342	0.38345	0.55349	3.58224	0.0834	0.0233	0.1662	0.8338	123	617
0.46093	0.38230	0.55030	3.53593	0.0828	0.0234	0.1644	0.8356	122	620
0.45786	0.38075	0.54651	3.48358	0.0814	0.0234	0.1624	0.8376	120	619
0.45602	0.38018	0.54233	3.41303	0.0794	0.0233	0.1596	0.8404	117	616
0.45567	0.38018	0.53996	3.39488	0.0787	0.0232	0.1589	0.8411	116	614
0.45503	0.37815	0.53991	3.33843	0.0780	0.0234	0.1567	0.8433	115	619
0.45468	0.37815	0.53904	3.32013	0.0773	0.0233	0.1560	0.8440	114	617
0.45433	0.37815	0.53808	3.30171	0.0767	0.0232	0.1552	0.8448	113	615
0.45411	0.37764	0.53592	3.30171	0.0767	0.0232	0.1552	0.8448	113	615
0.36409	0.26438	0.53486	3.15851	0.2205	0.0698	0.1495	0.8505	325	1849
0.29317	0.26416	0.32027	3.14752	0.0746	0.0237	0.1491	0.8509	110	628
0.29317	0.26416	0.32027	3.14752	0.0746	0.0237	0.1491	0.8509	110	628
0.29317	0.26416	0.32027	3.14752	0.0746	0.0237	0.1491	0.8509	110	628
0.29317	0.26416	0.32027	3.14752	0.0746	0.0237	0.1491	0.8509	110	628
0.29317	0.26416	0.32027	3.14752	0.0746	0.0237	0.1491	0.8509	110	628
0.29317	0.26416	0.32027	3.14752	0.0746	0.0237	0.1491	0.8509	110	628
0.29257	0.26388	0.32002	3.13388	0.0739	0.0236	0.1485	0.8515	109	625
0.29257	0.26388	0.32002	3.13388	0.0739	0.0236	0.1485	0.8515	109	625
0.29257	0.26388	0.32002	3.13388	0.0739	0.0236	0.1485	0.8515	109	625
0.29257	0.26388	0.32002	3.13388	0.0739	0.0236	0.1485	0.8515	109	625
0.29234	0.26388	0.31968	3.09619	0.0726	0.0234	0.1470	0.8530	107	621
0.29222	0.26300	0.31968	3.08130	0.0726	0.0236	0.1464	0.8536	107	624
0.29202	0.26243	0.31928	3.07637	0.0726	0.0236	0.1462	0.8538	107	625
0.29202	0.26243	0.31928	3.07637	0.0726	0.0236	0.1462	0.8538	107	625
0.29187	0.26243	0.31873	3.06232	0.0719	0.0235	0.1456	0.8544	106	622
0.28042	0.24125	0.31873	2.84159	0.0943	0.0332	0.1365	0.8635	139	879
0.26928	0.24125	0.29970	2.83878	0.0678	0.0239	0.1364	0.8636	100	633
0.26928	0.24125	0.29970	2.83878	0.0678	0.0239	0.1364	0.8636	100	633
0.26874	0.24094	0.29926	2.80335	0.0678	0.0242	0.1350	0.8650	100	641
0.26849	0.24094	0.29871	2.79713	0.0672	0.0240	0.1347	0.8653	99	636
0.26849	0.24094	0.29871	2.79713	0.0672	0.0240	0.1347	0.8653	99	636
0.26849	0.24094	0.29871	2.79713	0.0672	0.0240	0.1347	0.8653	99	636
0.26849	0.24094	0.29871	2.79713	0.0672	0.0240	0.1347	0.8653	99	636
0.26849	0.24094	0.29871	2.79713	0.0672	0.0240	0.1347	0.8653	99	636
0.26849	0.24094	0.29871	2.79713	0.0672	0.0240	0.1347	0.8653	99	636
0.26849	0.24094	0.29871	2.79713	0.0672	0.0240	0.1347	0.8653	99	636
0.26706	0.23818	0.29846	2.77086	0.0685	0.0247	0.1336	0.8664	101	655
0.26525	0.23788	0.29563	2.66626	0.0651	0.0244	0.1292	0.8708	96	647
0.26517	0.23788	0.29511	2.64257	0.0645	0.0244	0.1282	0.8718	95	646
0.26517	0.23788	0.29511	2.64257	0.0645	0.0244	0.1282	0.8718	95	646
0.26505	0.23788	0.29468	2.62287	0.0638	0.0243	0.1274	0.8726	94	644
0.26505	0.23788	0.29468	2.62287	0.0638	0.0243	0.1274	0.8726	94	644
0.26478	0.23723	0.29443	2.61881	0.0638	0.0244	0.1272	0.8728	94	645
0.26407	0.23653	0.29387	2.59497	0.0631	0.0243	0.1262	0.8738	93	644
0.26347	0.23574	0.29387	2.59438	0.0645	0.0248	0.1262	0.8738	95	658
0.26244	0.23534	0.29086	2.55516	0.0624	0.0244	0.1245	0.8755	92	647
0.26244	0.23534	0.29086	2.55516	0.0624	0.0244	0.1245	0.8755	92	647
0.26213	0.23534	0.29072	2.55503	0.0617	0.0242	0.1245	0.8755	91	640
0.26213	0.23534	0.29072	2.55503	0.0617	0.0242	0.1245	0.8755	91	640
0.26213	0.23534	0.29072	2.55503	0.0617	0.0242	0.1245	0.8755	91	640
0.26201	0.23534	0.29061	2.53488	0.0611	0.0241	0.1236	0.8764	90	638
0.26186	0.23488	0.29061	2.51908	0.0611	0.0242	0.1230	0.8770	90	642
0.26183	0.23483	0.29061	2.51517	0.0611	0.0243	0.1228	0.8772	90	643
0.26128	0.23462	0.29061	2.48892	0.0617	0.0248	0.1217	0.8783	91	657
0.26089	0.23462	0.28887	2.46423	0.0604	0.0245	0.1206	0.8794	89	649
0.26089	0.23462	0.28887	2.46423	0.0604	0.0245	0.1206	0.8794	89	649
0.26089	0.23462	0.28887	2.46423	0.0604	0.0245	0.1206	0.8794	89	649
0.26078	0.23438	0.28887	2.45289	0.0604	0.0246	0.1201	0.8799	89	652
0.25899	0.23222	0.28758	2.43474	0.0624	0.0256	0.1193	0.8807	92	679
0.23892	0.19607	0.28488	2.39593	0.0977	0.0408	0.1176	0.8824	144	1080
0.22065	0.19607	0.24585	2.33906	0.0577	0.0247	0.1152	0.8848	85	653
0.22065	0.19607	0.24585	2.33906	0.0577	0.0247	0.1152	0.8848	85	653
0.22065	0.19607	0.24585	2.33906	0.0577	0.0247	0.1152	0.8848	85	653
0.22065	0.19607	0.24585	2.33906	0.0577	0.0247	0.1152	0.8848	85	653
0.21660	0.18962	0.24585	2.17316	0.0631	0.0290	0.1079	0.8921	93	769
0.21218	0.18962	0.23826	2.16071	0.0536	0.0248	0.1073	0.8927	79	657
0.21201	0.18962	0.23788	2.11567	0.0522	0.0247	0.1053	0.8947	77	654
0.14620	0.09618	0.23788	2.08361	0.3141	0.1508	0.1039	0.8961	463	3993
0.10303	0.09618	0.10950	1.68213	0.0427	0.0254	0.0856	0.9144	63	673
0.10297	0.09618	0.10936	1.63847	0.0414	0.0253	0.0836	0.9164	61	669
0.10279	0.09576	0.10914	1.63359	0.0421	0.0257	0.0833	0.9167	62	682
0.10265	0.09568	0.10895	1.61672	0.0414	0.0256	0.0825	0.9175	61	678
0.10265	0.09568	0.10895	1.61672	0.0414	0.0256	0.0825	0.9175	61	678
0.10264	0.09567	0.10895	1.61197	0.0414	0.0257	0.0823	0.9177	61	680
0.10264	0.09567	0.10895	1.61197	0.0414	0.0257	0.0823	0.9177	61	680
0.10257	0.09565	0.10888	1.60020	0.0414	0.0259	0.0818	0.9182	61	685
0.10257	0.09565	0.10888	1.60020	0.0414	0.0259	0.0818	0.9182	61	685
0.10257	0.09565	0.10888	1.60020	0.0414	0.0259	0.0818	0.9182	61	685
0.10256	0.09560	0.10888	1.59787	0.0414	0.0259	0.0817	0.9183	61	686
0.10256	0.09560	0.10888	1.59787	0.0414	0.0259	0.0817	0.9183	61	686
0.10251	0.09557	0.10888	1.58631	0.0414	0.0261	0.0811	0.9189	61	691
0.10251	0.09557	0.10888	1.58631	0.0414	0.0261	0.0811	0.9189	61	691
0.10251	0.09557	0.10888	1.58631	0.0414	0.0261	0.0811	0.9189	61	691
0.10212	0.09472	0.10888	1.52200	0.0421	0.0276	0.0781	0.9219	62	732
0.10148	0.09452	0.10826	1.52150	0.0393	0.0259	0.0781	0.9219	58	685
0.10142	0.09452	0.10801	1.47984	0.0380	0.0257	0.0761	0.9239	56	680
0.10137	0.09449	0.10801	1.46904	0.0380	0.0259	0.0756	0.9244	56	685
0.10137	0.09449	0.10801	1.46904	0.0380	0.0259	0.0756	0.9244	56	685
0.10137	0.09449	0.10801	1.46904	0.0380	0.0259	0.0756	0.9244	56	685
0.10137	0.09449	0.10801	1.46904	0.0380	0.0259	0.0756	0.9244	56	685
0.10137	0.09449	0.10801	1.46904	0.0380	0.0259	0.0756	0.9244	56	685
0.10133	0.09446	0.10801	1.45839	0.0380	0.0261	0.0751	0.9249	56	690
0.10133	0.09446	0.10801	1.45839	0.0380	0.0261	0.0751	0.9249	56	690
0.10133	0.09446	0.10801	1.45839	0.0380	0.0261	0.0751	0.9249	56	690
0.10127	0.09440	0.10801	1.44582	0.0380	0.0263	0.0745	0.9255	56	696
0.10122	0.09440	0.10796	1.43028	0.0373	0.0261	0.0737	0.9263	55	691
0.10122	0.09440	0.10796	1.43028	0.0373	0.0261	0.0737	0.9263	55	691
0.10122	0.09440	0.10796	1.43028	0.0373	0.0261	0.0737	0.9263	55	691
0.10122	0.09440	0.10796	1.43028	0.0373	0.0261	0.0737	0.9263	55	691
0.10122	0.09440	0.10796	1.43028	0.0373	0.0261	0.0737	0.9263	55	691
0.10118	0.09440	0.10786	1.41039	0.0366	0.0260	0.0728	0.9272	54	688
0.10118	0.09440	0.10786	1.41039	0.0366	0.0260	0.0728	0.9272	54	688
0.08626	0.06765	0.10786	1.38641	0.1221	0.0881	0.0716	0.9284	180	2333
0.07267	0.06764	0.07747	1.34376	0.0346	0.0257	0.0696	0.9304	51	682
0.07267	0.06764	0.07747	1.34376	0.0346	0.0257	0.0696	0.9304	51	682
0.07263	0.06754	0.07747	1.33398	0.0346	0.0259	0.0691	0.9309	51	687
0.07263	0.06754	0.07747	1.33398	0.0346	0.0259	0.0691	0.9309	51	687
0.07122	0.06496	0.07747	1.32729	0.0441	0.0332	0.0688	0.9312	65	880
0.06980	0.06495	0.07483	1.20998	0.0319	0.0264	0.0631	0.9369	47	698
0.06980	0.06495	0.07483	1.20998	0.0319	0.0264	0.0631	0.9369	47	698
0.06980	0.06495	0.07483	1.20998	0.0319	0.0264	0.0631	0.9369	47	698
0.06980	0.06495	0.07483	1.20998	0.0319	0.0264	0.0631	0.9369	47	698
0.06980	0.06495	0.07483	1.20998	0.0319	0.0264	0.0631	0.9369	47	698
0.06977	0.06492	0.07483	1.20137	0.0319	0.0265	0.0627	0.9373	47	703
0.06925	0.06415	0.07483	1.12453	0.0332	0.0296	0.0589	0.9411	49	783
0.06867	0.06412	0.07360	1.11203	0.0299	0.0268	0.0583	0.9417	44	711
0.06867	0.06412	0.07360	1.11203	0.0299	0.0268	0.0583	0.9417	44	711
0.06859	0.06411	0.07353	1.08676	0.0292	0.0268	0.0570	0.9430	43	711
0.06859	0.06411	0.07353	1.08676	0.0292	0.0268	0.0570	0.9430	43	711
0.06859	0.06411	0.07353	1.08676	0.0292	0.0268	0.0570	0.9430	43	711
0.06859	0.06411	0.07353	1.08676	0.0292	0.0268	0.0570	0.9430	43	711
0.06859	0.06411	0.07353	1.08676	0.0292	0.0268	0.0570	0.9430	43	711
0.06859	0.06411	0.07353	1.08676	0.0292	0.0268	0.0570	0.9430	43	711
0.06852	0.06407	0.07349	1.07467	0.0292	0.0271	0.0564	0.9436	43	719
0.06852	0.06407	0.07349	1.07467	0.0292	0.0271	0.0564	0.9436	43	719
0.06843	0.06403	0.07343	1.07169	0.0292	0.0272	0.0563	0.9437	43	721
0.06841	0.06403	0.07329	1.05114	0.0285	0.0271	0.0553	0.9447	42	718
0.06841	0.06403	0.07329	1.05114	0.0285	0.0271	0.0553	0.9447	42	718
0.06841	0.06403	0.07329	1.05114	0.0285	0.0271	0.0553	0.9447	42	718
0.06841	0.06403	0.07329	1.05114	0.0285	0.0271	0.0553	0.9447	42	718
0.06841	0.06403	0.07329	1.05114	0.0285	0.0271	0.0553	0.9447	42	718
0.06838	0.06403	0.07321	1.03186	0.0278	0.0270	0.0543	0.9457	41	714
0.06838	0.06403	0.07321	1.03186	0.0278	0.0270	0.0543	0.9457	41	714
0.06838	0.06403	0.07321	1.03186	0.0278	0.0270	0.0543	0.9457	41	714
0.06835	0.06399	0.07321	1.02468	0.0278	0.0271	0.0539	0.9461	41	719
0.06835	0.06399	0.07321	1.02468	0.0278	0.0271	0.0539	0.9461	41	719
0.06835	0.06399	0.07321	1.02468	0.0278	0.0271	0.0539	0.9461	41	719
0.06835	0.06399	0.07321	1.02468	0.0278	0.0271	0.0539	0.9461	41	719
0.03985	0.02124	0.07321	0.98762	0.2788	0.2823	0.0521	0.9479	411	7478
0.02287	0.02124	0.02387	0.98359	0.0353	0.0359	0.0519	0.9481	52	950
0.02286	0.02124	0.02387	0.97844	0.0353	0.0361	0.0516	0.9484	52	955
0.02189	0.01960	0.02387	0.94514	0.0543	0.0574	0.0500	0.9500	80	1521
0.01969	0.01701	0.02218	0.78580	0.0461	0.0587	0.0419	0.9581	68	1555
0.01850	0.01701	0.01979	0.76466	0.0231	0.0302	0.0408	0.9592	34	799
0.01850	0.01701	0.01979	0.76466	0.0231	0.0302	0.0408	0.9592	34	799
0.01850	0.01701	0.01979	0.76466	0.0231	0.0302	0.0408	0.9592	34	799
0.01850	0.01701	0.01979	0.76466	0.0231	0.0302	0.0408	0.9592	34	799
0.01850	0.01701	0.01979	0.76466	0.0231	0.0302	0.0408	0.9592	34	799
0.01850	0.01701	0.01979	0.76466	0.0231	0.0302	0.0408	0.9592	34	799
0.01850	0.01701	0.01979	0.76466	0.0231	0.0302	0.0408	0.9592	34	799
0.01850	0.01701	0.01979	0.76466	0.0231	0.0302	0.0408	0.9592	34	799
0.01850	0.01701	0.01979	0.76466	0.0231	0.0302	0.0408	0.9592	34	799
0.01850	0.01701	0.01979	0.76466	0.0231	0.0302	0.0408	0.9592	34	799
0.01850	0.01701	0.01979	0.76466	0.0231	0.0302	0.0408	0.9592	34	799
0.01850	0.01701	0.01979	0.76466	0.0231	0.0302	0.0408	0.9592	34	799
0.01850	0.01701	0.01979	0.76466	0.0231	0.0302	0.0408	0.9592	34	799
0.01850	0.01701	0.01979	0.76466	0.0231	0.0302	0.0408	0.9592	34	799
0.01850	0.01699	0.01979	0.76180	0.0231	0.0303	0.0407	0.9593	34	802
0.01850	0.01699	0.01979	0.76180	0.0231	0.0303	0.0407	0.9593	34	802
0.01850	0.01699	0.01979	0.76180	0.0231	0.0303	0.0407	0.9593	34	802
0.01850	0.01699	0.01979	0.76180	0.0231	0.0303	0.0407	0.9593	34	802
0.01850	0.01699	0.01979	0.76180	0.0231	0.0303	0.0407	0.9593	34	802
0.01850	0.01699	0.01979	0.76180	0.0231	0.0303	0.0407	0.9593	34	802
0.01850	0.01699	0.01979	0.76180	0.0231	0.0303	0.0407	0.9593	34	802
0.01850	0.01699	0.01979	0.76180	0.0231	0.0303	0.0407	0.9593	34	802
0.01850	0.01699	0.01979	0.76180	0.0231	0.0303	0.0407	0.9593	34	802
0.01846	0.01693	0.01979	0.74417	0.0231	0.0310	0.0398	0.9602	34	821
0.01845	0.01691	0.01973	0.72760	0.0224	0.0308	0.0389	0.9611	33	815
0.01845	0.01689	0.01973	0.72671	0.0224	0.0308	0.0389	0.9611	33	816
0.01844	0.01689	0.01972	0.68350	0.0210	0.0308	0.0366	0.9634	31	815
0.01841	0.01689	0.01970	0.63448	0.0190	0.0299	0.0341	0.9659	28	793
0.01841	0.01689	0.01970	0.63448	0.0190	0.0299	0.0341	0.9659	28	793
0.01841	0.01689	0.01970	0.63448	0.0190	0.0299	0.0341	0.9659	28	793
0.01841	0.01689	0.01970	0.63448	0.0190	0.0299	0.0341	0.9659	28	793
0.01839	0.01686	0.01970	0.62893	0.0190	0.0302	0.0338	0.9662	28	800
0.01658	0.01382	0.01969	0.48773	0.0346	0.0709	0.0264	0.9736	51	1879
0.01514	0.01382	0.01605	0.43475	0.0142	0.0328	0.0236	0.9764	21	868
0.01513	0.01380	0.01605	0.43176	0.0142	0.0330	0.0235	0.9765	21	874
0.01513	0.01380	0.01605	0.43176	0.0142	0.0330	0.0235	0.9765	21	874
0.01513	0.01380	0.01605	0.43176	0.0142	0.0330	0.0235	0.9765	21	874
0.01512	0.01379	0.01605	0.42784	0.0142	0.0333	0.0233	0.9767	21	882
0.01511	0.01378	0.01605	0.42688	0.0142	0.0334	0.0232	0.9768	21	884
0.01511	0.01378	0.01605	0.42688	0.0142	0.0334	0.0232	0.9768	21	884
0.01511	0.01378	0.01605	0.42688	0.0142	0.0334	0.0232	0.9768	21	884
0.01511	0.01378	0.01605	0.42688	0.0142	0.0334	0.0232	0.9768	21	884
0.01511	0.01378	0.01605	0.42688	0.0142	0.0334	0.0232	0.9768	21	884
0.01511	0.01378	0.01605	0.42688	0.0142	0.0334	0.0232	0.9768	21	884
0.01511	0.01378	0.01605	0.42688	0.0142	0.0334	0.0232	0.9768	21	884
0.01511	0.01378	0.01605	0.42688	0.0142	0.0334	0.0232	0.9768	21	884
0.01511	0.01378	0.01605	0.42688	0.0142	0.0334	0.0232	0.9768	21	884
0.01510	0.01375	0.01605	0.42116	0.0142	0.0338	0.0229	0.9771	21	896
0.01509	0.01373	0.01605	0.42069	0.0142	0.0339	0.0229	0.9771	21	897
0.01509	0.01372	0.01604	0.42022	0.0142	0.0339	0.0229	0.9771	21	898
0.01508	0.01371	0.01604	0.41836	0.0142	0.0341	0.0228	0.9772	21	902
0.01508	0.01370	0.01604	0.41697	0.0142	0.0342	0.0227	0.9773	21	905
0.01508	0.01370	0.01604	0.41697	0.0142	0.0342	0.0227	0.9773	21	905
0.01508	0.01370	0.01604	0.41697	0.0142	0.0342	0.0227	0.9773	21	905
0.01508	0.01370	0.01604	0.41697	0.0142	0.0342	0.0227	0.9773	21	905
0.01508	0.01370	0.01604	0.41697	0.0142	0.0342	0.0227	0.9773	21	905
0.01508	0.01370	0.01604	0.41697	0.0142	0.0342	0.0227	0.9773	21	905
0.01508	0.01370	0.01604	0.41651	0.0142	0.0342	0.0227	0.9773	21	906
0.01508	0.01370	0.01604	0.41651	0.0142	0.0342	0.0227	0.9773	21	906
0.01508	0.01370	0.01604	0.41651	0.0142	0.0342	0.0227	0.9773	21	906
0.01508	0.01370	0.01604	0.41651	0.0142	0.0342	0.0227	0.9773	21	906
0.01508	0.01370	0.01604	0.41651	0.0142	0.0342	0.0227	0.9773	21	906
0.01508	0.01370	0.01604	0.41651	0.0142	0.0342	0.0227	0.9773	21	906
0.01508	0.01370	0.01604	0.41651	0.0142	0.0342	0.0227	0.9773	21	906
0.01508	0.01370	0.01604	0.41651	0.0142	0.0342	0.0227	0.9773	21	906
0.01508	0.01370	0.01604	0.41651	0.0142	0.0342	0.0227	0.9773	21	906
0.01507	0.01367	0.01604	0.41422	0.0142	0.0344	0.0225	0.9775	21	911
0.01506	0.01367	0.01604	0.41151	0.0142	0.0346	0.0224	0.9776	21	917
0.01506	0.01367	0.01604	0.41107	0.0142	0.0347	0.0224	0.9776	21	918
0.01506	0.01367	0.01604	0.41107	0.0142	0.0347	0.0224	0.9776	21	918
0.01506	0.01367	0.01604	0.41107	0.0142	0.0347	0.0224	0.9776	21	918
0.01506	0.01367	0.01604	0.41107	0.0142	0.0347	0.0224	0.9776	21	918
0.01506	0.01367	0.01604	0.41107	0.0142	0.0347	0.0224	0.9776	21	918
0.01506	0.01367	0.01604	0.41107	0.0142	0.0347	0.0224	0.9776	21	918
0.01506	0.01367	0.01604	0.41107	0.0142	0.0347	0.0224	0.9776	21	918
0.01506	0.01366	0.01604	0.41062	0.0142	0.0347	0.0223	0.9777	21	919
0.01506	0.01366	0.01604	0.41062	0.0142	0.0347	0.0223	0.9777	21	919
0.01506	0.01366	0.01604	0.41062	0.0142	0.0347	0.0223	0.9777	21	919
0.01505	0.01364	0.01604	0.40751	0.0142	0.0350	0.0222	0.9778	21	926
0.01505	0.01364	0.01604	0.40751	0.0142	0.0350	0.0222	0.9778	21	926
0.01505	0.01364	0.01604	0.40751	0.0142	0.0350	0.0222	0.9778	21	926
0.01505	0.01364	0.01604	0.40751	0.0142	0.0350	0.0222	0.9778	21	926
0.01505	0.01364	0.01604	0.40751	0.0142	0.0350	0.0222	0.9778	21	926
0.01504	0.01361	0.01604	0.40620	0.0142	0.0351	0.0221	0.9779	21	929
0.01504	0.01361	0.01604	0.40576	0.0142	0.0351	0.0221	0.9779	21	930
0.01504	0.01361	0.01604	0.40576	0.0142	0.0351	0.0221	0.9779	21	930
0.01504	0.01361	0.01604	0.40576	0.0142	0.0351	0.0221	0.9779	21	930
0.01504	0.01361	0.01604	0.40576	0.0142	0.0351	0.0221	0.9779	21	930
0.01504	0.01361	0.01604	0.40576	0.0142	0.0351	0.0221	0.9779	21	930
0.01504	0.01360	0.01604	0.40533	0.0142	0.0351	0.0221	0.9779	21	931
0.01504	0.01360	0.01604	0.40489	0.0142	0.0352	0.0220	0.9780	21	932
0.01504	0.01360	0.01604	0.40489	0.0142	0.0352	0.0220	0.9780	21	932
0.01504	0.01360	0.01604	0.40489	0.0142	0.0352	0.0220	0.9780	21	932
0.01504	0.01360	0.01604	0.40489	0.0142	0.0352	0.0220	0.9780	21	932
0.01504	0.01360	0.01604	0.40489	0.0142	0.0352	0.0220	0.9780	21	932
0.01503	0.01357	0.01604	0.40359	0.0142	0.0353	0.0220	0.9780	21	935
0.01503	0.01357	0.01604	0.40359	0.0142	0.0353	0.0220	0.9780	21	935
0.01503	0.01357	0.01604	0.40359	0.0142	0.0353	0.0220	0.9780	21	935
0.01503	0.01357	0.01604	0.40359	0.0142	0.0353	0.0220	0.9780	21	935
0.01503	0.01357	0.01604	0.40359	0.0142	0.0353	0.0220	0.9780	21	935
0.01503	0.01357	0.01604	0.40359	0.0142	0.0353	0.0220	0.9780	21	935
0.01503	0.01357	0.01604	0.40359	0.0142	0.0353	0.0220	0.9780	21	935
0.01503	0.01356	0.01604	0.40230	0.0142	0.0354	0.0219	0.9781	21	938
0.01501	0.01355	0.01604	0.39848	0.0142	0.0358	0.0217	0.9783	21	947
0.01501	0.01355	0.01604	0.39848	0.0142	0.0358	0.0217	0.9783	21	947
0.01501	0.01355	0.01604	0.39848	0.0142	0.0358	0.0217	0.9783	21	947
0.01501	0.01355	0.01604	0.39848	0.0142	0.0358	0.0217	0.9783	21	947
0.01501	0.01354	0.01604	0.39680	0.0142	0.0359	0.0216	0.9784	21	951
0.01501	0.01354	0.01604	0.39680	0.0142	0.0359	0.0216	0.9784	21	951
0.01501	0.01354	0.01604	0.39680	0.0142	0.0359	0.0216	0.9784	21	951
0.01501	0.01353	0.01604	0.39639	0.0142	0.0359	0.0216	0.9784	21	952
0.01501	0.01353	0.01604	0.39639	0.0142	0.0359	0.0216	0.9784	21	952
0.01501	0.01353	0.01604	0.39639	0.0142	0.0359	0.0216	0.9784	21	952
0.01501	0.01353	0.01604	0.39639	0.0142	0.0359	0.0216	0.9784	21	952
0.01501	0.01350	0.01604	0.39597	0.0142	0.0360	0.0216	0.9784	21	953
0.01501	0.01350	0.01604	0.39597	0.0142	0.0360	0.0216	0.9784	21	953
0.01500	0.01348	0.01604	0.39473	0.0142	0.0361	0.0215	0.9785	21	956
0.01500	0.01348	0.01604	0.39473	0.0142	0.0361	0.0215	0.9785	21	956
0.01500	0.01348	0.01604	0.39473	0.0142	0.0361	0.0215	0.9785	21	956
0.01500	0.01347	0.01603	0.39473	0.0142	0.0361	0.0215	0.9785	21	956
0.01500	0.01347	0.01603	0.39473	0.0142	0.0361	0.0215	0.9785	21	956
0.01493	0.01333	0.01603	0.37812	0.0142	0.0377	0.0206	0.9794	21	998
0.01484	0.01333	0.01596	0.37151	0.0129	0.0347	0.0203	0.9797	19	919
0.01480	0.01333	0.01595	0.34094	0.0115	0.0338	0.0186	0.9814	17	896
0.01336	0.01102	0.01594	0.25366	0.0170	0.0669	0.0139	0.9861	25	1771
0.01207	0.01101	0.01299	0.18960	0.0061	0.0322	0.0104	0.9896	9	853
0.01207	0.01101	0.01299	0.18960	0.0061	0.0322	0.0104	0.9896	9	853
0.01207	0.01101	0.01299	0.18937	0.0061	0.0322	0.0104	0.9896	9	854
0.01206	0.01101	0.01299	0.18871	0.0061	0.0324	0.0104	0.9896	9	857
0.01205	0.01100	0.01299	0.18718	0.0061	0.0326	0.0103	0.9897	9	864
0.01205	0.01100	0.01299	0.18697	0.0061	0.0327	0.0103	0.9897	9	865
0.01205	0.01100	0.01299	0.18697	0.0061	0.0327	0.0103	0.9897	9	865
0.01205	0.01100	0.01299	0.18697	0.0061	0.0327	0.0103	0.9897	9	865
0.01205	0.01100	0.01299	0.18697	0.0061	0.0327	0.0103	0.9897	9	865
0.01205	0.01100	0.01299	0.18697	0.0061	0.0327	0.0103	0.9897	9	865
0.01205	0.01100	0.01299	0.18697	0.0061	0.0327	0.0103	0.9897	9	865
0.01205	0.01100	0.01299	0.18697	0.0061	0.0327	0.0103	0.9897	9	865
0.01202	0.01098	0.01299	0.18171	0.0061	0.0336	0.0100	0.9900	9	890
0.01202	0.01098	0.01297	0.18171	0.0061	0.0336	0.0100	0.9900	9	890
0.01202	0.01098	0.01297	0.18171	0.0061	0.0336	0.0100	0.9900	9	890
0.01202	0.01098	0.01297	0.18171	0.0061	0.0336	0.0100	0.9900	9	890
0.01201	0.01098	0.01297	0.18090	0.0061	0.0338	0.0100	0.9900	9	894
0.01199	0.01097	0.01297	0.17598	0.0061	0.0347	0.0097	0.9903	9	919
0.01198	0.01097	0.01296	0.17560	0.0061	0.0348	0.0097	0.9903	9	921
0.01198	0.01097	0.01296	0.17541	0.0061	0.0348	0.0097	0.9903	9	922
0.01197	0.01096	0.01296	0.17427	0.0061	0.0350	0.0096	0.9904	9	928
0.01195	0.01096	0.01296	0.17006	0.0061	0.0359	0.0094	0.9906	9	951
0.01195	0.01096	0.01296	0.17006	0.0061	0.0359	0.0094	0.9906	9	951
0.01195	0.01096	0.01296	0.17006	0.0061	0.0359	0.0094	0.9906	9	951
0.01195	0.01096	0.01296	0.17006	0.0061	0.0359	0.0094	0.9906	9	951
0.01195	0.01096	0.01296	0.17006	0.0061	0.0359	0.0094	0.9906	9	951
0.01195	0.01096	0.01296	0.17006	0.0061	0.0359	0.0094	0.9906	9	951
0.01195	0.01096	0.01296	0.17006	0.0061	0.0359	0.0094	0.9906	9	951
0.01195	0.01096	0.01296	0.17006	0.0061	0.0359	0.0094	0.9906	9	951
0.01195	0.01096	0.01296	0.17006	0.0061	0.0359	0.0094	0.9906	9	951
0.01195	0.01096	0.01296	0.17006	0.0061	0.0359	0.0094	0.9906	9	951
0.01195	0.01096	0.01296	0.17006	0.0061	0.0359	0.0094	0.9906	9	951
0.01195	0.01096	0.01296	0.17006	0.0061	0.0359	0.0094	0.9906	9	951
0.01194	0.01095	0.01296	0.16917	0.0061	0.0361	0.0093	0.9907	9	956
0.01194	0.01094	0.01296	0.16899	0.0061	0.0361	0.0093	0.9907	9	957
0.01194	0.01094	0.01296	0.16899	0.0061	0.0361	0.0093	0.9907	9	957
0.01194	0.01094	0.01296	0.16899	0.0061	0.0361	0.0093	0.9907	9	957
0.01194	0.01094	0.01296	0.16899	0.0061	0.0361	0.0093	0.9907	9	957
0.01194	0.01094	0.01296	0.16899	0.0061	0.0361	0.0093	0.9907	9	957
0.01194	0.01094	0.01296	0.16899	0.0061	0.0361	0.0093	0.9907	9	957
0.01194	0.01094	0.01296	0.16899	0.0061	0.0361	0.0093	0.9907	9	957
0.01194	0.01094	0.01296	0.16899	0.0061	0.0361	0.0093	0.9907	9	957
0.01194	0.01094	0.01296	0.16899	0.0061	0.0361	0.0093	0.9907	9	957
0.01194	0.01094	0.01296	0.16899	0.0061	0.0361	0.0093	0.9907	9	957
0.01194	0.01094	0.01296	0.16899	0.0061	0.0361	0.0093	0.9907	9	957
0.01194	0.01094	0.01296	0.16899	0.0061	0.0361	0.0093	0.9907	9	957
0.01194	0.01094	0.01296	0.16899	0.0061	0.0361	0.0093	0.9907	9	957
0.01194	0.01094	0.01296	0.16899	0.0061	0.0361	0.0093	0.9907	9	957
0.01194	0.01094	0.01296	0.16899	0.0061	0.0361	0.0093	0.9907	9	957
0.01194	0.01092	0.01296	0.16882	0.0061	0.0362	0.0093	0.9907	9	958
0.01194	0.01092	0.01296	0.16846	0.0061	0.0362	0.0093	0.9907	9	960
0.01194	0.01092	0.01296	0.16846	0.0061	0.0362	0.0093	0.9907	9	960
0.01194	0.01092	0.01296	0.16846	0.0061	0.0362	0.0093	0.9907	9	960
0.01194	0.01092	0.01296	0.16846	0.0061	0.0362	0.0093	0.9907	9	960
0.01194	0.01091	0.01296	0.16829	0.0061	0.0363	0.0093	0.9907	9	961
0.01194	0.01091	0.01296	0.16829	0.0061	0.0363	0.0093	0.9907	9	961
0.01194	0.01091	0.01296	0.16829	0.0061	0.0363	0.0093	0.9907	9	961
0.01194	0.01091	0.01296	0.16829	0.0061	0.0363	0.0093	0.9907	9	961
0.01194	0.01091	0.01296	0.16811	0.0061	0.0363	0.0093	0.9907	9	962
0.01193	0.01091	0.01296	0.16724	0.0061	0.0365	0.0092	0.9908	9	967
0.01192	0.01091	0.01296	0.16621	0.0061	0.0367	0.0092	0.9908	9	973
0.01192	0.01091	0.01296	0.16621	0.0061	0.0367	0.0092	0.9908	9	973
0.01192	0.01091	0.01296	0.16621	0.0061	0.0367	0.0092	0.9908	9	973
0.01192	0.01091	0.01296	0.16621	0.0061	0.0367	0.0092	0.9908	9	973
0.00997	0.00682	0.01296	0.16565	0.0170	0.1024	0.0091	0.9909	25	2712
0.00777	0.00682	0.00868	0.15942	0.0047	0.0298	0.0088	0.9912	7	789
0.00777	0.00682	0.00868	0.15942	0.0047	0.0298	0.0088	0.9912	7	789
0.00777	0.00682	0.00868	0.15942	0.0047	0.0298	0.0088	0.9912	7	789
0.00777	0.00679	0.00868	0.15902	0.0047	0.0299	0.0088	0.9912	7	791
0.00777	0.00679	0.00868	0.15902	0.0047	0.0299	0.0088	0.9912	7	791
0.00777	0.00679	0.00868	0.15902	0.0047	0.0299	0.0088	0.9912	7	791
0.00777	0.00679	0.00868	0.15882	0.0047	0.0299	0.0088	0.9912	7	792
0.00776	0.00678	0.00867	0.15782	0.0047	0.0301	0.0087	0.9913	7	797
0.00776	0.00678	0.00867	0.15782	0.0047	0.0301	0.0087	0.9913	7	797
0.00776	0.00678	0.00867	0.15782	0.0047	0.0301	0.0087	0.9913	7	797
0.00774	0.00676	0.00866	0.15626	0.0047	0.0304	0.0086	0.9914	7	805
0.00774	0.00676	0.00866	0.15626	0.0047	0.0304	0.0086	0.9914	7	805
0.00773	0.00673	0.00866	0.15491	0.0047	0.0307	0.0085	0.9915	7	812
0.00768	0.00669	0.00861	0.15284	0.0047	0.0311	0.0084	0.9916	7	823
0.00765	0.00669	0.00852	0.13545	0.0041	0.0301	0.0075	0.9925	6	796
0.00765	0.00669	0.00852	0.13545	0.0041	0.0301	0.0075	0.9925	6	796
0.00765	0.00669	0.00852	0.13545	0.0041	0.0301	0.0075	0.9925	6	796
0.00765	0.00668	0.00852	0.13511	0.0041	0.0301	0.0075	0.9925	6	798
0.00765	0.00667	0.00852	0.13477	0.0041	0.0302	0.0074	0.9926	6	800
0.00764	0.00667	0.00851	0.13477	0.0041	0.0302	0.0074	0.9926	6	800
0.00763	0.00666	0.00851	0.13477	0.0041	0.0302	0.0074	0.9926	6	800
0.00763	0.00665	0.00850	0.13460	0.0041	0.0302	0.0074	0.9926	6	801
0.00745	0.00633	0.00848	0.11433	0.0041	0.0356	0.0063	0.9937	6	943
0.00736	0.00633	0.00829	0.10484	0.0034	0.0324	0.0058	0.9942	5	857
0.00389	0.00117	0.00829	0.05543	0.0115	0.2081	0.0031	0.9969	17	5511
0.00098	0.00000	0.00184	0.00812	0.0007	0.0836	0.0005	0.9995	1	2213
