Score	Lower bound	Upper bound	Likelihood	TPR	FPR	PPV	FDR	No. positives	No. negatives
0.42211	0.34138	0.52116	5.34245	0.4242	0.0794	0.2710	0.7290	42	113
0.41903	0.34111	0.51623	5.30922	0.4141	0.0780	0.2697	0.7303	41	111
0.41788	0.34077	0.51269	5.30922	0.4141	0.0780	0.2697	0.7303	41	111
0.41674	0.34062	0.51250	5.13348	0.4040	0.0787	0.2632	0.7368	40	112
0.41561	0.33990	0.51184	4.96085	0.3939	0.0794	0.2566	0.7434	39	113
0.41448	0.33976	0.51037	4.79124	0.3838	0.0801	0.2500	0.7500	38	114
0.41397	0.33754	0.51037	4.74958	0.3838	0.0808	0.2484	0.7516	38	115
0.41219	0.33578	0.50938	4.62459	0.3737	0.0808	0.2434	0.7566	37	115
0.40956	0.33356	0.50867	4.34836	0.3636	0.0836	0.2323	0.7677	36	119
0.40764	0.33356	0.50533	4.29984	0.3535	0.0822	0.2303	0.7697	35	117
0.39162	0.29085	0.50442	4.23973	0.4141	0.0977	0.2278	0.7722	41	139
0.37220	0.29061	0.46468	4.14158	0.3434	0.0829	0.2237	0.7763	34	118
0.36647	0.27419	0.45898	3.87863	0.3434	0.0885	0.2125	0.7875	34	126
0.36056	0.27348	0.45218	3.83300	0.3232	0.0843	0.2105	0.7895	32	120
0.35937	0.27194	0.45123	3.83300	0.3232	0.0843	0.2105	0.7895	32	120
0.35819	0.27135	0.44967	3.68253	0.3131	0.0850	0.2039	0.7961	31	121
0.35589	0.27069	0.44902	3.62265	0.3131	0.0864	0.2013	0.7987	31	123
0.35352	0.27032	0.44559	3.38893	0.2929	0.0864	0.1908	0.8092	29	123
0.35234	0.26682	0.44321	3.38893	0.2929	0.0864	0.1908	0.8092	29	123
0.35117	0.26565	0.44147	3.38893	0.2929	0.0864	0.1908	0.8092	29	123
0.35001	0.26507	0.43934	3.24568	0.2828	0.0871	0.1842	0.8158	28	124
0.34885	0.26225	0.43792	3.24568	0.2828	0.0871	0.1842	0.8158	28	124
0.34769	0.26171	0.42994	3.24568	0.2828	0.0871	0.1842	0.8158	28	124
0.34656	0.25861	0.42978	3.10473	0.2727	0.0878	0.1776	0.8224	27	125
0.34542	0.25605	0.42887	3.10473	0.2727	0.0878	0.1776	0.8224	27	125
0.34428	0.25593	0.42802	3.10473	0.2727	0.0878	0.1776	0.8224	27	125
0.34314	0.25404	0.42454	3.10473	0.2727	0.0878	0.1776	0.8224	27	125
0.34200	0.25226	0.42345	3.10473	0.2727	0.0878	0.1776	0.8224	27	125
0.33247	0.23470	0.42123	3.04262	0.2929	0.0963	0.1747	0.8253	29	137
0.32435	0.23289	0.40127	2.80737	0.2525	0.0900	0.1634	0.8366	25	128
0.32274	0.23222	0.40086	2.69508	0.2424	0.0900	0.1579	0.8421	24	128
0.32162	0.23207	0.40027	2.69508	0.2424	0.0900	0.1579	0.8421	24	128
0.32052	0.23165	0.39972	2.69508	0.2424	0.0900	0.1579	0.8421	24	128
0.31322	0.21046	0.39838	2.62294	0.2525	0.0963	0.1543	0.8457	25	137
0.30699	0.20991	0.38318	2.56276	0.2323	0.0907	0.1513	0.8487	23	129
0.30585	0.20945	0.38230	2.56276	0.2323	0.0907	0.1513	0.8487	23	129
0.30470	0.20777	0.38205	2.56276	0.2323	0.0907	0.1513	0.8487	23	129
0.30355	0.20747	0.38150	2.43248	0.2222	0.0914	0.1447	0.8553	22	130
0.28819	0.19116	0.38018	2.37976	0.2525	0.1061	0.1420	0.8580	25	151
0.27461	0.19085	0.35586	2.30419	0.2121	0.0921	0.1382	0.8618	21	131
0.27406	0.19050	0.35586	2.28673	0.2121	0.0928	0.1373	0.8627	21	132
0.24146	0.15126	0.35502	2.11823	0.2828	0.1335	0.1284	0.8716	28	190
0.20324	0.15114	0.28341	1.93080	0.1818	0.0942	0.1184	0.8816	18	134
0.19081	0.13177	0.28024	1.90495	0.2222	0.1167	0.1170	0.8830	22	166
0.15328	0.10051	0.23289	1.74439	0.2525	0.1448	0.1082	0.8918	25	206
0.13012	0.09829	0.16913	1.73300	0.1717	0.0991	0.1076	0.8924	17	141
0.12736	0.09727	0.16718	1.64271	0.1616	0.0984	0.1026	0.8974	16	140
0.12509	0.09504	0.16483	1.52912	0.1515	0.0991	0.0962	0.9038	15	141
0.12361	0.09483	0.16350	1.45821	0.1414	0.0970	0.0921	0.9079	14	138
0.12297	0.09449	0.16184	1.44771	0.1414	0.0977	0.0915	0.9085	14	139
0.12242	0.09436	0.16184	1.41713	0.1414	0.0998	0.0897	0.9103	14	142
0.12051	0.09351	0.16067	1.40722	0.1414	0.1005	0.0892	0.9108	14	143
0.11439	0.08702	0.15497	1.29105	0.1515	0.1174	0.0824	0.9176	15	167
0.10677	0.08607	0.14040	1.18955	0.1212	0.1019	0.0764	0.9236	12	145
0.10491	0.08440	0.13831	1.18140	0.1212	0.1026	0.0759	0.9241	12	146
0.10335	0.08423	0.13205	1.12136	0.1111	0.0991	0.0724	0.9276	11	141
0.10175	0.08113	0.13177	1.04709	0.1111	0.1061	0.0679	0.9321	11	151
0.09806	0.07871	0.12487	1.02670	0.1111	0.1082	0.0667	0.9333	11	154
0.09509	0.07711	0.11827	0.95825	0.1010	0.1054	0.0625	0.9375	10	150
0.09319	0.07568	0.11554	0.86242	0.0909	0.1054	0.0566	0.9434	9	150
0.07533	0.04942	0.11157	0.72778	0.1616	0.2221	0.0482	0.9518	16	316
0.05508	0.04069	0.06932	0.69775	0.1010	0.1448	0.0463	0.9537	10	206
0.05109	0.04069	0.06057	0.58272	0.0606	0.1040	0.0390	0.9610	6	148
0.05008	0.03925	0.06057	0.52909	0.0606	0.1145	0.0355	0.9645	6	163
0.04919	0.03925	0.05907	0.38076	0.0404	0.1061	0.0258	0.9742	4	151
0.04234	0.02722	0.05907	0.32544	0.0606	0.1862	0.0221	0.9779	6	265
0.03489	0.02695	0.04329	0.19038	0.0202	0.1061	0.0131	0.9869	2	151
0.02986	0.01856	0.04302	0.11545	0.0202	0.1750	0.0080	0.9920	2	249
0.02485	0.01856	0.03198	0.09456	0.0101	0.1068	0.0065	0.9935	1	152
0.02468	0.01826	0.03198	0.09214	0.0101	0.1096	0.0064	0.9936	1	156
0.02435	0.01760	0.03198	0.08764	0.0101	0.1152	0.0061	0.9939	1	164
0.02233	0.01545	0.03070	0.07486	0.0101	0.1349	0.0052	0.9948	1	192
0.01055	0.00068	0.02722	0.05070	0.0202	0.3985	0.0035	0.9965	2	567
