Score	Lower bound	Upper bound	Likelihood	TPR	FPR	PPV	FDR	No. positives	No. negatives
0.60543	0.40198	0.97900	4.70491	0.9474	0.2014	0.1682	0.8318	18	89
0.60543	0.40198	0.97900	4.70491	0.9474	0.2014	0.1682	0.8318	18	89
0.60543	0.40198	0.97900	4.70491	0.9474	0.2014	0.1682	0.8318	18	89
0.58744	0.40002	0.97000	3.75212	0.7895	0.2104	0.1389	0.8611	15	93
0.58744	0.40002	0.97000	3.75212	0.7895	0.2104	0.1389	0.8611	15	93
0.58744	0.40002	0.97000	3.75212	0.7895	0.2104	0.1389	0.8611	15	93
0.58744	0.40002	0.97000	3.75212	0.7895	0.2104	0.1389	0.8611	15	93
0.58403	0.39959	0.97000	3.67313	0.7895	0.2149	0.1364	0.8636	15	95
0.58403	0.39959	0.97000	3.67313	0.7895	0.2149	0.1364	0.8636	15	95
0.58236	0.39922	0.97000	3.63487	0.7895	0.2172	0.1351	0.8649	15	96
0.57445	0.39878	0.97000	3.45492	0.7895	0.2285	0.1293	0.8707	15	101
0.57445	0.39878	0.97000	3.45492	0.7895	0.2285	0.1293	0.8707	15	101
0.57445	0.39878	0.97000	3.45492	0.7895	0.2285	0.1293	0.8707	15	101
0.53713	0.39878	0.82500	2.15844	0.4737	0.2195	0.0849	0.9151	9	97
0.53713	0.39878	0.82500	2.15844	0.4737	0.2195	0.0849	0.9151	9	97
0.53455	0.39756	0.82500	2.11483	0.4737	0.2240	0.0833	0.9167	9	99
0.53455	0.39756	0.82500	2.11483	0.4737	0.2240	0.0833	0.9167	9	99
0.53200	0.39440	0.82500	2.07295	0.4737	0.2285	0.0818	0.9182	9	101
0.53200	0.39440	0.82500	2.07295	0.4737	0.2285	0.0818	0.9182	9	101
0.52952	0.39278	0.82500	2.03270	0.4737	0.2330	0.0804	0.9196	9	103
0.52952	0.39278	0.82500	2.03270	0.4737	0.2330	0.0804	0.9196	9	103
0.52830	0.39200	0.82500	2.01316	0.4737	0.2353	0.0796	0.9204	9	104
0.51005	0.36000	0.82500	1.75940	0.4737	0.2692	0.0703	0.9297	9	119
0.44113	0.32400	0.72800	1.07368	0.3158	0.2941	0.0441	0.9559	6	130
0.33658	0.26378	0.44180	0.10159	0.0526	0.5181	0.0043	0.9957	1	229
0.28647	0.26378	0.31913	0.00000	0.0000	0.2421	0.0000	1.0000	0	107
0.28647	0.26378	0.31913	0.00000	0.0000	0.2421	0.0000	1.0000	0	107
0.28647	0.26378	0.31913	0.00000	0.0000	0.2421	0.0000	1.0000	0	107
0.28626	0.26366	0.31913	0.00000	0.0000	0.2443	0.0000	1.0000	0	108
0.28544	0.26323	0.31913	0.00000	0.0000	0.2534	0.0000	1.0000	0	112
0.28386	0.26323	0.31653	0.00000	0.0000	0.2421	0.0000	1.0000	0	107
0.28386	0.26323	0.31653	0.00000	0.0000	0.2421	0.0000	1.0000	0	107
0.28324	0.26323	0.31591	0.00000	0.0000	0.2376	0.0000	1.0000	0	105
0.28273	0.26267	0.31556	0.00000	0.0000	0.2376	0.0000	1.0000	0	105
0.28167	0.26212	0.31506	0.00000	0.0000	0.2443	0.0000	1.0000	0	108
0.28135	0.26212	0.31484	0.00000	0.0000	0.2421	0.0000	1.0000	0	107
0.28135	0.26212	0.31484	0.00000	0.0000	0.2421	0.0000	1.0000	0	107
0.28135	0.26212	0.31484	0.00000	0.0000	0.2421	0.0000	1.0000	0	107
0.28021	0.26187	0.31263	0.00000	0.0000	0.2376	0.0000	1.0000	0	105
0.28002	0.25963	0.31263	0.00000	0.0000	0.2398	0.0000	1.0000	0	106
0.27925	0.25900	0.31263	0.00000	0.0000	0.2489	0.0000	1.0000	0	110
0.27925	0.25900	0.31263	0.00000	0.0000	0.2489	0.0000	1.0000	0	110
0.27799	0.25900	0.30966	0.00000	0.0000	0.2398	0.0000	1.0000	0	106
0.27769	0.25900	0.30906	0.00000	0.0000	0.2376	0.0000	1.0000	0	105
0.27751	0.25816	0.30906	0.00000	0.0000	0.2398	0.0000	1.0000	0	106
0.27732	0.25717	0.30906	0.00000	0.0000	0.2421	0.0000	1.0000	0	107
0.27694	0.25687	0.30906	0.00000	0.0000	0.2466	0.0000	1.0000	0	109
0.27572	0.25687	0.30289	0.00000	0.0000	0.2376	0.0000	1.0000	0	105
0.27553	0.25576	0.30289	0.00000	0.0000	0.2398	0.0000	1.0000	0	106
0.27442	0.25410	0.30267	0.00000	0.0000	0.2421	0.0000	1.0000	0	107
0.27442	0.25410	0.30267	0.00000	0.0000	0.2421	0.0000	1.0000	0	107
0.27388	0.25410	0.30127	0.00000	0.0000	0.2376	0.0000	1.0000	0	105
0.27343	0.25383	0.29965	0.00000	0.0000	0.2376	0.0000	1.0000	0	105
0.27297	0.25189	0.29802	0.00000	0.0000	0.2376	0.0000	1.0000	0	105
0.27236	0.25071	0.29802	0.00000	0.0000	0.2443	0.0000	1.0000	0	108
0.27187	0.25071	0.29673	0.00000	0.0000	0.2398	0.0000	1.0000	0	106
0.27187	0.25071	0.29673	0.00000	0.0000	0.2398	0.0000	1.0000	0	106
0.27147	0.25039	0.29673	0.00000	0.0000	0.2443	0.0000	1.0000	0	108
0.27075	0.25039	0.29521	0.00000	0.0000	0.2376	0.0000	1.0000	0	105
0.27056	0.24996	0.29521	0.00000	0.0000	0.2398	0.0000	1.0000	0	106
0.27017	0.24983	0.29521	0.00000	0.0000	0.2443	0.0000	1.0000	0	108
0.27017	0.24983	0.29521	0.00000	0.0000	0.2443	0.0000	1.0000	0	108
0.26831	0.24958	0.29463	0.00000	0.0000	0.2466	0.0000	1.0000	0	109
0.26831	0.24958	0.29463	0.00000	0.0000	0.2466	0.0000	1.0000	0	109
0.26831	0.24958	0.29463	0.00000	0.0000	0.2466	0.0000	1.0000	0	109
0.26831	0.24958	0.29463	0.00000	0.0000	0.2466	0.0000	1.0000	0	109
0.26731	0.24958	0.29314	0.00000	0.0000	0.2376	0.0000	1.0000	0	105
0.26696	0.24891	0.29314	0.00000	0.0000	0.2421	0.0000	1.0000	0	107
0.26696	0.24891	0.29314	0.00000	0.0000	0.2421	0.0000	1.0000	0	107
0.26602	0.24708	0.28959	0.00000	0.0000	0.2376	0.0000	1.0000	0	105
0.26542	0.24581	0.28762	0.00000	0.0000	0.2398	0.0000	1.0000	0	106
0.26521	0.24581	0.28696	0.00000	0.0000	0.2376	0.0000	1.0000	0	105
0.26502	0.24498	0.28696	0.00000	0.0000	0.2398	0.0000	1.0000	0	106
0.26404	0.24466	0.28578	0.00000	0.0000	0.2421	0.0000	1.0000	0	107
0.26383	0.24466	0.28500	0.00000	0.0000	0.2398	0.0000	1.0000	0	106
0.26363	0.24466	0.28431	0.00000	0.0000	0.2376	0.0000	1.0000	0	105
0.26289	0.24415	0.28303	0.00000	0.0000	0.2421	0.0000	1.0000	0	107
0.26270	0.24415	0.28278	0.00000	0.0000	0.2398	0.0000	1.0000	0	106
0.26270	0.24415	0.28278	0.00000	0.0000	0.2398	0.0000	1.0000	0	106
0.26171	0.24058	0.28195	0.00000	0.0000	0.2421	0.0000	1.0000	0	107
0.26152	0.24058	0.28111	0.00000	0.0000	0.2398	0.0000	1.0000	0	106
0.26152	0.24058	0.28111	0.00000	0.0000	0.2398	0.0000	1.0000	0	106
0.26128	0.23593	0.28111	0.00000	0.0000	0.2421	0.0000	1.0000	0	107
0.26020	0.23393	0.27622	0.00000	0.0000	0.2398	0.0000	1.0000	0	106
0.26020	0.23393	0.27622	0.00000	0.0000	0.2398	0.0000	1.0000	0	106
0.25995	0.23336	0.27622	0.00000	0.0000	0.2421	0.0000	1.0000	0	107
0.25898	0.23308	0.27346	0.00000	0.0000	0.2398	0.0000	1.0000	0	106
0.25898	0.23308	0.27346	0.00000	0.0000	0.2398	0.0000	1.0000	0	106
0.25783	0.22756	0.27318	0.00000	0.0000	0.2421	0.0000	1.0000	0	107
0.25768	0.22756	0.27280	0.00000	0.0000	0.2398	0.0000	1.0000	0	106
0.25768	0.22756	0.27280	0.00000	0.0000	0.2398	0.0000	1.0000	0	106
0.25710	0.22700	0.27254	0.00000	0.0000	0.2376	0.0000	1.0000	0	105
0.25635	0.22481	0.27236	0.00000	0.0000	0.2398	0.0000	1.0000	0	106
0.25635	0.22481	0.27236	0.00000	0.0000	0.2398	0.0000	1.0000	0	106
0.25605	0.22470	0.27236	0.00000	0.0000	0.2421	0.0000	1.0000	0	107
0.25573	0.22120	0.27236	0.00000	0.0000	0.2443	0.0000	1.0000	0	108
0.25473	0.21754	0.27208	0.00000	0.0000	0.2376	0.0000	1.0000	0	105
0.25403	0.21692	0.27208	0.00000	0.0000	0.2421	0.0000	1.0000	0	107
0.25403	0.21692	0.27208	0.00000	0.0000	0.2421	0.0000	1.0000	0	107
0.25255	0.21292	0.27208	0.00000	0.0000	0.2511	0.0000	1.0000	0	111
0.25255	0.21292	0.27208	0.00000	0.0000	0.2511	0.0000	1.0000	0	111
0.25255	0.21292	0.27208	0.00000	0.0000	0.2511	0.0000	1.0000	0	111
0.25255	0.21292	0.27208	0.00000	0.0000	0.2511	0.0000	1.0000	0	111
0.25180	0.21014	0.27208	0.00000	0.0000	0.2557	0.0000	1.0000	0	113
0.25180	0.21014	0.27208	0.00000	0.0000	0.2557	0.0000	1.0000	0	113
0.24892	0.21003	0.27152	0.00000	0.0000	0.2421	0.0000	1.0000	0	107
0.24871	0.21003	0.27097	0.00000	0.0000	0.2398	0.0000	1.0000	0	106
0.24849	0.21003	0.27044	0.00000	0.0000	0.2376	0.0000	1.0000	0	105
0.24806	0.20291	0.27044	0.00000	0.0000	0.2398	0.0000	1.0000	0	106
0.24720	0.20123	0.27044	0.00000	0.0000	0.2443	0.0000	1.0000	0	108
0.24653	0.20123	0.27015	0.00000	0.0000	0.2376	0.0000	1.0000	0	105
0.24587	0.20094	0.27002	0.00000	0.0000	0.2376	0.0000	1.0000	0	105
0.24544	0.20018	0.27002	0.00000	0.0000	0.2398	0.0000	1.0000	0	106
0.24285	0.19875	0.26987	0.00000	0.0000	0.2466	0.0000	1.0000	0	109
0.24260	0.19875	0.26931	0.00000	0.0000	0.2443	0.0000	1.0000	0	108
0.24260	0.19875	0.26931	0.00000	0.0000	0.2443	0.0000	1.0000	0	108
0.24210	0.19875	0.26655	0.00000	0.0000	0.2398	0.0000	1.0000	0	106
0.24210	0.19875	0.26655	0.00000	0.0000	0.2398	0.0000	1.0000	0	106
0.24046	0.19700	0.26655	0.00000	0.0000	0.2489	0.0000	1.0000	0	110
0.23973	0.19700	0.26627	0.00000	0.0000	0.2421	0.0000	1.0000	0	107
0.23973	0.19700	0.26627	0.00000	0.0000	0.2421	0.0000	1.0000	0	107
0.23922	0.19700	0.26592	0.00000	0.0000	0.2376	0.0000	1.0000	0	105
0.23837	0.19355	0.26592	0.00000	0.0000	0.2421	0.0000	1.0000	0	107
0.23784	0.19355	0.26524	0.00000	0.0000	0.2376	0.0000	1.0000	0	105
0.23742	0.19303	0.26524	0.00000	0.0000	0.2398	0.0000	1.0000	0	106
0.23411	0.19286	0.26415	0.00000	0.0000	0.2511	0.0000	1.0000	0	111
0.23411	0.19286	0.26415	0.00000	0.0000	0.2511	0.0000	1.0000	0	111
0.23356	0.19286	0.26378	0.00000	0.0000	0.2466	0.0000	1.0000	0	109
0.23356	0.19286	0.26378	0.00000	0.0000	0.2466	0.0000	1.0000	0	109
0.23356	0.19286	0.26378	0.00000	0.0000	0.2466	0.0000	1.0000	0	109
0.23356	0.19286	0.26378	0.00000	0.0000	0.2466	0.0000	1.0000	0	109
0.23356	0.19286	0.26378	0.00000	0.0000	0.2466	0.0000	1.0000	0	109
0.23170	0.18929	0.26366	0.00000	0.0000	0.2376	0.0000	1.0000	0	105
0.23096	0.18652	0.26323	0.00000	0.0000	0.2376	0.0000	1.0000	0	105
0.23010	0.18510	0.26323	0.00000	0.0000	0.2421	0.0000	1.0000	0	107
0.23010	0.18510	0.26323	0.00000	0.0000	0.2421	0.0000	1.0000	0	107
0.22882	0.18301	0.26323	0.00000	0.0000	0.2489	0.0000	1.0000	0	110
0.22752	0.18301	0.26267	0.00000	0.0000	0.2398	0.0000	1.0000	0	106
0.22719	0.18301	0.26212	0.00000	0.0000	0.2376	0.0000	1.0000	0	105
0.22676	0.18244	0.26212	0.00000	0.0000	0.2398	0.0000	1.0000	0	106
0.22634	0.18110	0.26212	0.00000	0.0000	0.2421	0.0000	1.0000	0	107
0.22591	0.18055	0.26212	0.00000	0.0000	0.2443	0.0000	1.0000	0	108
0.22408	0.17821	0.26187	0.00000	0.0000	0.2376	0.0000	1.0000	0	105
0.22243	0.17778	0.25963	0.00000	0.0000	0.2421	0.0000	1.0000	0	107
0.22208	0.17778	0.25900	0.00000	0.0000	0.2398	0.0000	1.0000	0	106
0.22208	0.17778	0.25900	0.00000	0.0000	0.2398	0.0000	1.0000	0	106
0.22165	0.17666	0.25900	0.00000	0.0000	0.2421	0.0000	1.0000	0	107
0.22081	0.17585	0.25900	0.00000	0.0000	0.2466	0.0000	1.0000	0	109
0.21936	0.17585	0.25816	0.00000	0.0000	0.2376	0.0000	1.0000	0	105
0.21856	0.17427	0.25717	0.00000	0.0000	0.2376	0.0000	1.0000	0	105
0.21735	0.17394	0.25687	0.00000	0.0000	0.2398	0.0000	1.0000	0	106
0.21735	0.17394	0.25687	0.00000	0.0000	0.2398	0.0000	1.0000	0	106
0.21618	0.17279	0.25576	0.00000	0.0000	0.2376	0.0000	1.0000	0	105
0.21536	0.16988	0.25410	0.00000	0.0000	0.2376	0.0000	1.0000	0	105
0.21450	0.16926	0.25410	0.00000	0.0000	0.2421	0.0000	1.0000	0	107
0.21450	0.16926	0.25410	0.00000	0.0000	0.2421	0.0000	1.0000	0	107
0.21292	0.16799	0.25383	0.00000	0.0000	0.2376	0.0000	1.0000	0	105
0.21208	0.16552	0.25189	0.00000	0.0000	0.2376	0.0000	1.0000	0	105
0.21038	0.16451	0.25071	0.00000	0.0000	0.2421	0.0000	1.0000	0	107
0.21038	0.16451	0.25071	0.00000	0.0000	0.2421	0.0000	1.0000	0	107
0.21038	0.16451	0.25071	0.00000	0.0000	0.2421	0.0000	1.0000	0	107
0.20835	0.16368	0.25039	0.00000	0.0000	0.2398	0.0000	1.0000	0	106
0.20835	0.16368	0.25039	0.00000	0.0000	0.2398	0.0000	1.0000	0	106
0.20712	0.16328	0.24996	0.00000	0.0000	0.2376	0.0000	1.0000	0	105
0.20548	0.16274	0.24983	0.00000	0.0000	0.2421	0.0000	1.0000	0	107
0.20548	0.16274	0.24983	0.00000	0.0000	0.2421	0.0000	1.0000	0	107
0.20463	0.16274	0.24958	0.00000	0.0000	0.2376	0.0000	1.0000	0	105
0.20418	0.15679	0.24958	0.00000	0.0000	0.2398	0.0000	1.0000	0	106
0.20373	0.15570	0.24958	0.00000	0.0000	0.2421	0.0000	1.0000	0	107
0.20328	0.15531	0.24958	0.00000	0.0000	0.2443	0.0000	1.0000	0	108
0.20239	0.15428	0.24958	0.00000	0.0000	0.2489	0.0000	1.0000	0	110
0.20014	0.15428	0.24891	0.00000	0.0000	0.2376	0.0000	1.0000	0	105
0.19968	0.15102	0.24891	0.00000	0.0000	0.2398	0.0000	1.0000	0	106
0.19781	0.14958	0.24708	0.00000	0.0000	0.2398	0.0000	1.0000	0	106
0.19734	0.14958	0.24581	0.00000	0.0000	0.2376	0.0000	1.0000	0	105
0.19686	0.14705	0.24581	0.00000	0.0000	0.2398	0.0000	1.0000	0	106
0.19498	0.14621	0.24498	0.00000	0.0000	0.2398	0.0000	1.0000	0	106
0.19451	0.14621	0.24466	0.00000	0.0000	0.2376	0.0000	1.0000	0	105
0.19402	0.14267	0.24466	0.00000	0.0000	0.2398	0.0000	1.0000	0	106
0.19349	0.13763	0.24466	0.00000	0.0000	0.2421	0.0000	1.0000	0	107
0.19044	0.13588	0.24415	0.00000	0.0000	0.2421	0.0000	1.0000	0	107
0.19044	0.13588	0.24415	0.00000	0.0000	0.2421	0.0000	1.0000	0	107
0.19044	0.13588	0.24415	0.00000	0.0000	0.2421	0.0000	1.0000	0	107
0.18769	0.12544	0.24065	0.00000	0.0000	0.2398	0.0000	1.0000	0	106
0.18769	0.12544	0.24065	0.00000	0.0000	0.2398	0.0000	1.0000	0	106
0.18709	0.12292	0.24065	0.00000	0.0000	0.2421	0.0000	1.0000	0	107
0.18492	0.12013	0.23593	0.00000	0.0000	0.2376	0.0000	1.0000	0	105
0.18189	0.11576	0.23393	0.00000	0.0000	0.2443	0.0000	1.0000	0	108
0.18189	0.11576	0.23393	0.00000	0.0000	0.2443	0.0000	1.0000	0	108
0.18091	0.11576	0.23336	0.00000	0.0000	0.2398	0.0000	1.0000	0	106
0.18041	0.11576	0.23308	0.00000	0.0000	0.2376	0.0000	1.0000	0	105
0.17896	0.10316	0.23308	0.00000	0.0000	0.2421	0.0000	1.0000	0	107
0.17793	0.10316	0.22756	0.00000	0.0000	0.2376	0.0000	1.0000	0	105
0.17708	0.08719	0.22756	0.00000	0.0000	0.2398	0.0000	1.0000	0	106
0.17604	0.06607	0.22756	0.00000	0.0000	0.2421	0.0000	1.0000	0	107
0.17126	0.00000	0.22700	0.00000	0.0000	0.2398	0.0000	1.0000	0	106
0.17073	0.00000	0.22481	0.00000	0.0000	0.2376	0.0000	1.0000	0	105
