Score	Lower bound	Upper bound	Likelihood	TPR	FPR	PPV	FDR	No. positives	No. negatives
0.40053	0.09754	0.46425	13.77334	0.9808	0.0712	0.6892	0.3108	51	23
0.36837	0.08404	0.46243	13.15378	0.6923	0.0526	0.6792	0.3208	36	17
0.35917	0.07795	0.46223	12.78840	0.6731	0.0526	0.6731	0.3269	35	17
0.35177	0.07708	0.46183	11.73285	0.6538	0.0557	0.6538	0.3462	34	18
0.33912	0.07158	0.46172	10.24900	0.6346	0.0619	0.6226	0.3774	33	20
0.33912	0.07158	0.46172	10.24900	0.6346	0.0619	0.6226	0.3774	33	20
0.32922	0.06967	0.46056	9.16938	0.5962	0.0650	0.5962	0.4038	31	21
0.32140	0.05408	0.46040	9.16938	0.5962	0.0650	0.5962	0.4038	31	21
0.31633	0.05276	0.46040	8.75259	0.5962	0.0681	0.5849	0.4151	31	22
0.30567	0.04977	0.45898	7.83192	0.5577	0.0712	0.5577	0.4423	29	23
0.29778	0.04896	0.45797	7.24678	0.5385	0.0743	0.5385	0.4615	28	24
0.28990	0.04820	0.45759	7.24678	0.5385	0.0743	0.5385	0.4615	28	24
0.28202	0.04782	0.45698	6.70845	0.5192	0.0774	0.5192	0.4808	27	25
0.27409	0.04460	0.45625	6.70845	0.5192	0.0774	0.5192	0.4808	27	25
0.26611	0.04102	0.45576	6.21152	0.5000	0.0805	0.5000	0.5000	26	26
0.25810	0.03914	0.45502	5.75141	0.4808	0.0836	0.4808	0.5192	25	27
0.25002	0.03527	0.45477	5.32417	0.4615	0.0867	0.4615	0.5385	24	28
0.24193	0.03416	0.45377	4.92638	0.4423	0.0898	0.4423	0.5577	23	29
0.23385	0.03358	0.44663	4.55512	0.4231	0.0929	0.4231	0.5769	22	30
0.22591	0.03347	0.44550	4.20781	0.4038	0.0960	0.4038	0.5962	21	31
0.21796	0.03228	0.44273	3.88221	0.3846	0.0991	0.3846	0.6154	20	32
0.20344	0.03086	0.44235	3.37197	0.3654	0.1084	0.3519	0.6481	19	35
0.18655	0.03056	0.43139	3.28846	0.3462	0.1053	0.3462	0.6538	18	34
0.17883	0.02969	0.40986	3.01703	0.3269	0.1084	0.3269	0.6731	17	35
0.17151	0.02944	0.40372	2.76068	0.3077	0.1115	0.3077	0.6923	16	36
0.16430	0.02898	0.39450	2.51819	0.2885	0.1146	0.2885	0.7115	15	37
0.15479	0.02738	0.39326	2.22978	0.2692	0.1207	0.2642	0.7358	14	39
0.14789	0.02728	0.39232	2.01875	0.2500	0.1238	0.2453	0.7547	13	40
0.14319	0.02728	0.39134	1.86346	0.2308	0.1238	0.2308	0.7692	12	40
0.13183	0.02152	0.39093	1.58900	0.2115	0.1331	0.2037	0.7963	11	43
0.12695	0.02152	0.38075	1.44454	0.1923	0.1331	0.1887	0.8113	10	43
0.12206	0.02152	0.37499	1.30009	0.1731	0.1331	0.1731	0.8269	9	43
0.11525	0.02069	0.36062	1.12937	0.1538	0.1362	0.1538	0.8462	8	44
0.10869	0.01932	0.36045	0.96624	0.1346	0.1393	0.1346	0.8654	7	45
0.10211	0.01836	0.34924	0.81020	0.1154	0.1424	0.1154	0.8846	6	46
0.09572	0.01708	0.34748	0.81020	0.1154	0.1424	0.1154	0.8846	6	46
0.08936	0.01677	0.34424	0.66080	0.0962	0.1455	0.0962	0.9038	5	47
0.08306	0.01655	0.34262	0.51763	0.0769	0.1486	0.0769	0.9231	4	48
0.07678	0.01606	0.32378	0.38030	0.0577	0.1517	0.0577	0.9423	3	49
0.06882	0.01572	0.30575	0.23891	0.0385	0.1610	0.0370	0.9630	2	52
0.05362	0.01470	0.25169	0.11720	0.0192	0.1641	0.0185	0.9815	1	53
0.02084	0.00130	0.13586	0.04815	0.0192	0.3994	0.0077	0.9923	1	129
0.00362	0.00111	0.00702	0.00000	0.0000	0.1703	0.0000	1.0000	0	55
0.00356	0.00111	0.00697	0.00000	0.0000	0.1672	0.0000	1.0000	0	54
0.00338	0.00102	0.00673	0.00000	0.0000	0.1641	0.0000	1.0000	0	53
0.00334	0.00098	0.00673	0.00000	0.0000	0.1672	0.0000	1.0000	0	54
0.00329	0.00088	0.00673	0.00000	0.0000	0.1703	0.0000	1.0000	0	55
0.00293	0.00079	0.00656	0.00000	0.0000	0.1734	0.0000	1.0000	0	56
0.00287	0.00079	0.00623	0.00000	0.0000	0.1703	0.0000	1.0000	0	55
0.00281	0.00079	0.00600	0.00000	0.0000	0.1672	0.0000	1.0000	0	54
0.00267	0.00075	0.00587	0.00000	0.0000	0.1703	0.0000	1.0000	0	55
0.00258	0.00069	0.00557	0.00000	0.0000	0.1703	0.0000	1.0000	0	55
0.00252	0.00069	0.00527	0.00000	0.0000	0.1672	0.0000	1.0000	0	54
0.00244	0.00065	0.00509	0.00000	0.0000	0.1672	0.0000	1.0000	0	54
0.00237	0.00062	0.00509	0.00000	0.0000	0.1734	0.0000	1.0000	0	56
0.00231	0.00057	0.00509	0.00000	0.0000	0.1796	0.0000	1.0000	0	58
0.00225	0.00054	0.00509	0.00000	0.0000	0.1858	0.0000	1.0000	0	60
0.00200	0.00053	0.00474	0.00000	0.0000	0.1796	0.0000	1.0000	0	58
0.00190	0.00051	0.00464	0.00000	0.0000	0.1827	0.0000	1.0000	0	59
0.00188	0.00047	0.00464	0.00000	0.0000	0.1858	0.0000	1.0000	0	60
0.00176	0.00046	0.00427	0.00000	0.0000	0.1827	0.0000	1.0000	0	59
0.00172	0.00046	0.00416	0.00000	0.0000	0.1796	0.0000	1.0000	0	58
0.00168	0.00043	0.00416	0.00000	0.0000	0.1858	0.0000	1.0000	0	60
0.00164	0.00043	0.00412	0.00000	0.0000	0.1827	0.0000	1.0000	0	59
0.00155	0.00043	0.00391	0.00000	0.0000	0.1765	0.0000	1.0000	0	57
0.00149	0.00041	0.00376	0.00000	0.0000	0.1765	0.0000	1.0000	0	57
0.00141	0.00038	0.00366	0.00000	0.0000	0.1796	0.0000	1.0000	0	58
0.00141	0.00038	0.00366	0.00000	0.0000	0.1796	0.0000	1.0000	0	58
0.00128	0.00034	0.00349	0.00000	0.0000	0.1827	0.0000	1.0000	0	59
0.00121	0.00033	0.00293	0.00000	0.0000	0.1858	0.0000	1.0000	0	60
0.00114	0.00032	0.00293	0.00000	0.0000	0.2012	0.0000	1.0000	0	65
0.00113	0.00030	0.00293	0.00000	0.0000	0.2043	0.0000	1.0000	0	66
0.00102	0.00028	0.00264	0.00000	0.0000	0.2012	0.0000	1.0000	0	65
0.00097	0.00026	0.00264	0.00000	0.0000	0.2167	0.0000	1.0000	0	70
0.00095	0.00026	0.00256	0.00000	0.0000	0.2136	0.0000	1.0000	0	69
0.00089	0.00025	0.00241	0.00000	0.0000	0.2105	0.0000	1.0000	0	68
0.00089	0.00025	0.00241	0.00000	0.0000	0.2105	0.0000	1.0000	0	68
0.00086	0.00024	0.00235	0.00000	0.0000	0.2105	0.0000	1.0000	0	68
0.00081	0.00024	0.00210	0.00000	0.0000	0.2043	0.0000	1.0000	0	66
0.00081	0.00024	0.00210	0.00000	0.0000	0.2043	0.0000	1.0000	0	66
0.00081	0.00024	0.00210	0.00000	0.0000	0.2043	0.0000	1.0000	0	66
0.00080	0.00022	0.00210	0.00000	0.0000	0.2105	0.0000	1.0000	0	68
0.00078	0.00022	0.00205	0.00000	0.0000	0.2074	0.0000	1.0000	0	67
0.00074	0.00021	0.00202	0.00000	0.0000	0.2105	0.0000	1.0000	0	68
0.00073	0.00019	0.00202	0.00000	0.0000	0.2136	0.0000	1.0000	0	69
0.00069	0.00018	0.00198	0.00000	0.0000	0.2105	0.0000	1.0000	0	68
0.00062	0.00018	0.00189	0.00000	0.0000	0.2043	0.0000	1.0000	0	66
0.00058	0.00018	0.00163	0.00000	0.0000	0.2012	0.0000	1.0000	0	65
0.00057	0.00017	0.00163	0.00000	0.0000	0.2074	0.0000	1.0000	0	67
0.00057	0.00017	0.00163	0.00000	0.0000	0.2074	0.0000	1.0000	0	67
0.00052	0.00017	0.00144	0.00000	0.0000	0.1981	0.0000	1.0000	0	64
0.00049	0.00015	0.00131	0.00000	0.0000	0.2012	0.0000	1.0000	0	65
0.00048	0.00014	0.00131	0.00000	0.0000	0.2105	0.0000	1.0000	0	68
0.00045	0.00014	0.00119	0.00000	0.0000	0.2043	0.0000	1.0000	0	66
0.00045	0.00014	0.00119	0.00000	0.0000	0.2043	0.0000	1.0000	0	66
0.00045	0.00014	0.00119	0.00000	0.0000	0.2043	0.0000	1.0000	0	66
0.00042	0.00011	0.00111	0.00000	0.0000	0.2043	0.0000	1.0000	0	66
0.00038	0.00009	0.00102	0.00000	0.0000	0.2229	0.0000	1.0000	0	72
0.00035	0.00009	0.00098	0.00000	0.0000	0.2322	0.0000	1.0000	0	75
0.00034	0.00008	0.00088	0.00000	0.0000	0.2353	0.0000	1.0000	0	76
0.00034	0.00008	0.00088	0.00000	0.0000	0.2353	0.0000	1.0000	0	76
0.00034	0.00008	0.00088	0.00000	0.0000	0.2353	0.0000	1.0000	0	76
0.00034	0.00008	0.00088	0.00000	0.0000	0.2353	0.0000	1.0000	0	76
0.00029	0.00005	0.00082	0.00000	0.0000	0.2539	0.0000	1.0000	0	82
0.00029	0.00005	0.00082	0.00000	0.0000	0.2570	0.0000	1.0000	0	83
0.00027	0.00005	0.00079	0.00000	0.0000	0.2601	0.0000	1.0000	0	84
0.00025	0.00004	0.00075	0.00000	0.0000	0.2632	0.0000	1.0000	0	85
0.00025	0.00004	0.00069	0.00000	0.0000	0.2601	0.0000	1.0000	0	84
0.00020	0.00002	0.00069	0.00000	0.0000	0.3251	0.0000	1.0000	0	105
0.00019	0.00001	0.00065	0.00000	0.0000	0.3375	0.0000	1.0000	0	109
0.00018	0.00001	0.00065	0.00000	0.0000	0.3560	0.0000	1.0000	0	115
0.00016	0.00001	0.00064	0.00000	0.0000	0.3932	0.0000	1.0000	0	127
0.00013	0.00000	0.00064	0.00000	0.0000	0.4675	0.0000	1.0000	0	151
0.00012	0.00000	0.00062	0.00000	0.0000	0.4892	0.0000	1.0000	0	158
0.00012	0.00000	0.00062	0.00000	0.0000	0.4985	0.0000	1.0000	0	161
0.00012	0.00000	0.00057	0.00000	0.0000	0.4954	0.0000	1.0000	0	160
0.00012	0.00000	0.00057	0.00000	0.0000	0.4954	0.0000	1.0000	0	160
0.00012	0.00000	0.00057	0.00000	0.0000	0.4923	0.0000	1.0000	0	159
0.00011	0.00000	0.00055	0.00000	0.0000	0.4892	0.0000	1.0000	0	158
0.00011	0.00000	0.00053	0.00000	0.0000	0.4830	0.0000	1.0000	0	156
0.00011	0.00000	0.00053	0.00000	0.0000	0.4830	0.0000	1.0000	0	156
0.00010	0.00000	0.00051	0.00000	0.0000	0.4737	0.0000	1.0000	0	153
0.00010	0.00000	0.00047	0.00000	0.0000	0.4706	0.0000	1.0000	0	152
0.00010	0.00000	0.00047	0.00000	0.0000	0.4706	0.0000	1.0000	0	152
0.00009	0.00000	0.00044	0.00000	0.0000	0.4644	0.0000	1.0000	0	150
0.00009	0.00000	0.00044	0.00000	0.0000	0.4644	0.0000	1.0000	0	150
0.00009	0.00000	0.00044	0.00000	0.0000	0.4644	0.0000	1.0000	0	150
0.00009	0.00000	0.00043	0.00000	0.0000	0.4613	0.0000	1.0000	0	149
0.00009	0.00000	0.00043	0.00000	0.0000	0.4613	0.0000	1.0000	0	149
0.00009	0.00000	0.00041	0.00000	0.0000	0.4582	0.0000	1.0000	0	148
0.00009	0.00000	0.00041	0.00000	0.0000	0.4582	0.0000	1.0000	0	148
0.00009	0.00000	0.00041	0.00000	0.0000	0.4582	0.0000	1.0000	0	148
0.00009	0.00000	0.00041	0.00000	0.0000	0.4582	0.0000	1.0000	0	148
0.00009	0.00000	0.00041	0.00000	0.0000	0.4582	0.0000	1.0000	0	148
0.00009	0.00000	0.00039	0.00000	0.0000	0.4551	0.0000	1.0000	0	147
0.00008	0.00000	0.00038	0.00000	0.0000	0.4520	0.0000	1.0000	0	146
0.00008	0.00000	0.00038	0.00000	0.0000	0.4520	0.0000	1.0000	0	146
0.00008	0.00000	0.00035	0.00000	0.0000	0.4489	0.0000	1.0000	0	145
0.00008	0.00000	0.00035	0.00000	0.0000	0.4489	0.0000	1.0000	0	145
0.00008	0.00000	0.00035	0.00000	0.0000	0.4489	0.0000	1.0000	0	145
0.00008	0.00000	0.00035	0.00000	0.0000	0.4489	0.0000	1.0000	0	145
0.00008	0.00000	0.00035	0.00000	0.0000	0.4489	0.0000	1.0000	0	145
0.00008	0.00000	0.00034	0.00000	0.0000	0.4427	0.0000	1.0000	0	143
0.00007	0.00000	0.00033	0.00000	0.0000	0.4365	0.0000	1.0000	0	141
0.00007	0.00000	0.00032	0.00000	0.0000	0.4241	0.0000	1.0000	0	137
0.00007	0.00000	0.00032	0.00000	0.0000	0.4241	0.0000	1.0000	0	137
0.00006	0.00000	0.00030	0.00000	0.0000	0.4180	0.0000	1.0000	0	135
0.00006	0.00000	0.00030	0.00000	0.0000	0.4180	0.0000	1.0000	0	135
0.00006	0.00000	0.00028	0.00000	0.0000	0.4149	0.0000	1.0000	0	134
0.00006	0.00000	0.00028	0.00000	0.0000	0.4118	0.0000	1.0000	0	133
0.00006	0.00000	0.00028	0.00000	0.0000	0.4087	0.0000	1.0000	0	132
0.00006	0.00000	0.00027	0.00000	0.0000	0.4056	0.0000	1.0000	0	131
0.00005	0.00000	0.00027	0.00000	0.0000	0.4025	0.0000	1.0000	0	130
0.00005	0.00000	0.00027	0.00000	0.0000	0.4025	0.0000	1.0000	0	130
0.00005	0.00000	0.00025	0.00000	0.0000	0.3932	0.0000	1.0000	0	127
0.00005	0.00000	0.00025	0.00000	0.0000	0.3932	0.0000	1.0000	0	127
0.00005	0.00000	0.00024	0.00000	0.0000	0.3901	0.0000	1.0000	0	126
0.00005	0.00000	0.00024	0.00000	0.0000	0.3901	0.0000	1.0000	0	126
0.00005	0.00000	0.00024	0.00000	0.0000	0.3901	0.0000	1.0000	0	126
0.00004	0.00000	0.00021	0.00000	0.0000	0.3777	0.0000	1.0000	0	122
0.00004	0.00000	0.00021	0.00000	0.0000	0.3777	0.0000	1.0000	0	122
0.00004	0.00000	0.00019	0.00000	0.0000	0.3746	0.0000	1.0000	0	121
0.00004	0.00000	0.00019	0.00000	0.0000	0.3746	0.0000	1.0000	0	121
0.00004	0.00000	0.00019	0.00000	0.0000	0.3746	0.0000	1.0000	0	121
0.00004	0.00000	0.00019	0.00000	0.0000	0.3746	0.0000	1.0000	0	121
0.00004	0.00000	0.00019	0.00000	0.0000	0.3746	0.0000	1.0000	0	121
0.00004	0.00000	0.00019	0.00000	0.0000	0.3746	0.0000	1.0000	0	121
0.00004	0.00000	0.00019	0.00000	0.0000	0.3746	0.0000	1.0000	0	121
0.00004	0.00000	0.00018	0.00000	0.0000	0.3715	0.0000	1.0000	0	120
0.00004	0.00000	0.00018	0.00000	0.0000	0.3715	0.0000	1.0000	0	120
0.00004	0.00000	0.00018	0.00000	0.0000	0.3715	0.0000	1.0000	0	120
0.00004	0.00000	0.00018	0.00000	0.0000	0.3715	0.0000	1.0000	0	120
0.00004	0.00000	0.00018	0.00000	0.0000	0.3684	0.0000	1.0000	0	119
0.00004	0.00000	0.00018	0.00000	0.0000	0.3684	0.0000	1.0000	0	119
0.00003	0.00000	0.00015	0.00000	0.0000	0.3560	0.0000	1.0000	0	115
0.00003	0.00000	0.00015	0.00000	0.0000	0.3560	0.0000	1.0000	0	115
0.00003	0.00000	0.00015	0.00000	0.0000	0.3560	0.0000	1.0000	0	115
0.00003	0.00000	0.00015	0.00000	0.0000	0.3560	0.0000	1.0000	0	115
0.00003	0.00000	0.00015	0.00000	0.0000	0.3560	0.0000	1.0000	0	115
0.00003	0.00000	0.00015	0.00000	0.0000	0.3560	0.0000	1.0000	0	115
0.00003	0.00000	0.00015	0.00000	0.0000	0.3560	0.0000	1.0000	0	115
0.00003	0.00000	0.00015	0.00000	0.0000	0.3560	0.0000	1.0000	0	115
0.00003	0.00000	0.00015	0.00000	0.0000	0.3560	0.0000	1.0000	0	115
0.00003	0.00000	0.00015	0.00000	0.0000	0.3529	0.0000	1.0000	0	114
0.00003	0.00000	0.00014	0.00000	0.0000	0.3498	0.0000	1.0000	0	113
0.00003	0.00000	0.00014	0.00000	0.0000	0.3498	0.0000	1.0000	0	113
0.00003	0.00000	0.00014	0.00000	0.0000	0.3467	0.0000	1.0000	0	112
0.00003	0.00000	0.00014	0.00000	0.0000	0.3467	0.0000	1.0000	0	112
0.00003	0.00000	0.00014	0.00000	0.0000	0.3467	0.0000	1.0000	0	112
0.00003	0.00000	0.00011	0.00000	0.0000	0.3406	0.0000	1.0000	0	110
0.00003	0.00000	0.00011	0.00000	0.0000	0.3406	0.0000	1.0000	0	110
0.00003	0.00000	0.00011	0.00000	0.0000	0.3406	0.0000	1.0000	0	110
0.00003	0.00000	0.00011	0.00000	0.0000	0.3406	0.0000	1.0000	0	110
0.00003	0.00000	0.00011	0.00000	0.0000	0.3406	0.0000	1.0000	0	110
0.00003	0.00000	0.00011	0.00000	0.0000	0.3406	0.0000	1.0000	0	110
0.00003	0.00000	0.00011	0.00000	0.0000	0.3406	0.0000	1.0000	0	110
0.00003	0.00000	0.00011	0.00000	0.0000	0.3406	0.0000	1.0000	0	110
0.00003	0.00000	0.00011	0.00000	0.0000	0.3406	0.0000	1.0000	0	110
0.00003	0.00000	0.00011	0.00000	0.0000	0.3406	0.0000	1.0000	0	110
0.00003	0.00000	0.00011	0.00000	0.0000	0.3406	0.0000	1.0000	0	110
0.00003	0.00000	0.00011	0.00000	0.0000	0.3406	0.0000	1.0000	0	110
0.00003	0.00000	0.00011	0.00000	0.0000	0.3406	0.0000	1.0000	0	110
0.00003	0.00000	0.00011	0.00000	0.0000	0.3406	0.0000	1.0000	0	110
0.00003	0.00000	0.00011	0.00000	0.0000	0.3406	0.0000	1.0000	0	110
0.00003	0.00000	0.00011	0.00000	0.0000	0.3406	0.0000	1.0000	0	110
0.00003	0.00000	0.00011	0.00000	0.0000	0.3406	0.0000	1.0000	0	110
0.00003	0.00000	0.00011	0.00000	0.0000	0.3406	0.0000	1.0000	0	110
0.00003	0.00000	0.00011	0.00000	0.0000	0.3406	0.0000	1.0000	0	110
0.00003	0.00000	0.00011	0.00000	0.0000	0.3406	0.0000	1.0000	0	110
0.00003	0.00000	0.00011	0.00000	0.0000	0.3406	0.0000	1.0000	0	110
0.00003	0.00000	0.00011	0.00000	0.0000	0.3375	0.0000	1.0000	0	109
0.00003	0.00000	0.00011	0.00000	0.0000	0.3375	0.0000	1.0000	0	109
0.00003	0.00000	0.00011	0.00000	0.0000	0.3375	0.0000	1.0000	0	109
0.00003	0.00000	0.00011	0.00000	0.0000	0.3375	0.0000	1.0000	0	109
0.00003	0.00000	0.00011	0.00000	0.0000	0.3375	0.0000	1.0000	0	109
0.00003	0.00000	0.00011	0.00000	0.0000	0.3344	0.0000	1.0000	0	108
0.00003	0.00000	0.00011	0.00000	0.0000	0.3344	0.0000	1.0000	0	108
0.00003	0.00000	0.00011	0.00000	0.0000	0.3344	0.0000	1.0000	0	108
