Score	Lower bound	Upper bound	Likelihood	TPR	FPR	PPV	FDR	No. positives	No. negatives
0.23283	0.07653	0.52116	2.66725	1.0000	0.3749	0.0122	0.9878	7	568
0.23206	0.07633	0.51816	2.66725	1.0000	0.3749	0.0122	0.9878	7	568
0.23129	0.07581	0.51799	2.66725	1.0000	0.3749	0.0122	0.9878	7	568
0.23052	0.07568	0.51748	2.66725	1.0000	0.3749	0.0122	0.9878	7	568
0.22975	0.07533	0.51623	2.66725	1.0000	0.3749	0.0122	0.9878	7	568
0.21158	0.06394	0.51269	2.37461	1.0000	0.4211	0.0109	0.9891	7	638
0.17890	0.06340	0.41633	2.27421	0.8571	0.3769	0.0104	0.9896	6	571
0.17707	0.06305	0.41490	2.27421	0.8571	0.3769	0.0104	0.9896	6	571
0.17525	0.06285	0.40613	2.27421	0.8571	0.3769	0.0104	0.9896	6	571
0.17366	0.06266	0.40127	1.89517	0.7143	0.3769	0.0087	0.9913	5	571
0.16949	0.05922	0.40127	1.82486	0.7143	0.3914	0.0084	0.9916	5	593
0.15200	0.05278	0.37272	1.73978	0.7143	0.4106	0.0080	0.9920	5	622
0.13312	0.05192	0.33990	1.48748	0.5714	0.3842	0.0068	0.9932	4	582
0.12792	0.04992	0.32568	1.11561	0.4286	0.3842	0.0051	0.9949	3	582
0.12274	0.04865	0.31167	1.11370	0.4286	0.3848	0.0051	0.9949	3	583
0.11923	0.04865	0.29846	0.75542	0.2857	0.3782	0.0035	0.9965	2	573
0.11794	0.04812	0.29443	0.74631	0.2857	0.3828	0.0034	0.9966	2	580
0.11538	0.04684	0.28619	0.74119	0.2857	0.3855	0.0034	0.9966	2	584
0.11081	0.04493	0.27087	0.73866	0.2857	0.3868	0.0034	0.9966	2	586
0.10433	0.04033	0.25226	0.72023	0.2857	0.3967	0.0033	0.9967	2	601
0.09685	0.03961	0.21138	0.37187	0.1429	0.3842	0.0017	0.9983	1	582
0.09404	0.03863	0.20343	0.37060	0.1429	0.3855	0.0017	0.9983	1	584
0.09237	0.03863	0.19873	0.00000	0.0000	0.3802	0.0000	1.0000	0	576
0.09218	0.03863	0.19648	0.00000	0.0000	0.3795	0.0000	1.0000	0	575
0.09181	0.03852	0.19625	0.00000	0.0000	0.3802	0.0000	1.0000	0	576
0.09154	0.03843	0.19595	0.00000	0.0000	0.3802	0.0000	1.0000	0	576
0.09154	0.03843	0.19595	0.00000	0.0000	0.3802	0.0000	1.0000	0	576
0.09099	0.03826	0.19533	0.00000	0.0000	0.3802	0.0000	1.0000	0	576
0.09081	0.03826	0.19495	0.00000	0.0000	0.3795	0.0000	1.0000	0	575
0.09045	0.03804	0.19469	0.00000	0.0000	0.3802	0.0000	1.0000	0	576
0.09045	0.03804	0.19469	0.00000	0.0000	0.3802	0.0000	1.0000	0	576
0.08981	0.03783	0.19365	0.00000	0.0000	0.3809	0.0000	1.0000	0	577
0.08963	0.03783	0.19231	0.00000	0.0000	0.3802	0.0000	1.0000	0	576
0.08936	0.03778	0.19188	0.00000	0.0000	0.3802	0.0000	1.0000	0	576
0.08901	0.03769	0.19116	0.00000	0.0000	0.3809	0.0000	1.0000	0	577
0.08883	0.03769	0.19085	0.00000	0.0000	0.3802	0.0000	1.0000	0	576
0.08865	0.03769	0.19050	0.00000	0.0000	0.3795	0.0000	1.0000	0	575
0.08839	0.03753	0.18962	0.00000	0.0000	0.3795	0.0000	1.0000	0	575
0.08794	0.03724	0.18930	0.00000	0.0000	0.3809	0.0000	1.0000	0	577
0.08768	0.03719	0.18816	0.00000	0.0000	0.3809	0.0000	1.0000	0	577
0.08751	0.03719	0.18564	0.00000	0.0000	0.3802	0.0000	1.0000	0	576
0.08751	0.03719	0.18564	0.00000	0.0000	0.3802	0.0000	1.0000	0	576
0.08708	0.03698	0.18381	0.00000	0.0000	0.3795	0.0000	1.0000	0	575
0.08673	0.03669	0.18339	0.00000	0.0000	0.3802	0.0000	1.0000	0	576
0.08648	0.03660	0.18319	0.00000	0.0000	0.3802	0.0000	1.0000	0	576
0.08623	0.03659	0.18293	0.00000	0.0000	0.3802	0.0000	1.0000	0	576
0.08614	0.03649	0.18293	0.00000	0.0000	0.3809	0.0000	1.0000	0	577
0.08580	0.03649	0.18220	0.00000	0.0000	0.3795	0.0000	1.0000	0	575
0.08563	0.03632	0.18220	0.00000	0.0000	0.3809	0.0000	1.0000	0	577
0.08521	0.03624	0.18199	0.00000	0.0000	0.3802	0.0000	1.0000	0	576
0.08513	0.03620	0.18199	0.00000	0.0000	0.3809	0.0000	1.0000	0	577
0.08513	0.03620	0.18199	0.00000	0.0000	0.3809	0.0000	1.0000	0	577
0.08454	0.03607	0.18166	0.00000	0.0000	0.3795	0.0000	1.0000	0	575
0.08420	0.03591	0.18078	0.00000	0.0000	0.3802	0.0000	1.0000	0	576
0.08403	0.03591	0.18022	0.00000	0.0000	0.3795	0.0000	1.0000	0	575
0.08369	0.03549	0.17887	0.00000	0.0000	0.3802	0.0000	1.0000	0	576
0.08353	0.03549	0.17871	0.00000	0.0000	0.3795	0.0000	1.0000	0	575
0.08320	0.03532	0.17606	0.00000	0.0000	0.3802	0.0000	1.0000	0	576
0.08303	0.03532	0.17585	0.00000	0.0000	0.3795	0.0000	1.0000	0	575
0.08279	0.03518	0.17553	0.00000	0.0000	0.3795	0.0000	1.0000	0	575
0.08255	0.03505	0.17543	0.00000	0.0000	0.3795	0.0000	1.0000	0	575
0.08238	0.03494	0.17543	0.00000	0.0000	0.3809	0.0000	1.0000	0	577
0.08198	0.03484	0.17308	0.00000	0.0000	0.3802	0.0000	1.0000	0	576
0.08182	0.03484	0.17283	0.00000	0.0000	0.3795	0.0000	1.0000	0	575
0.08141	0.03441	0.17217	0.00000	0.0000	0.3809	0.0000	1.0000	0	577
0.08126	0.03441	0.17205	0.00000	0.0000	0.3802	0.0000	1.0000	0	576
0.08110	0.03441	0.17039	0.00000	0.0000	0.3795	0.0000	1.0000	0	575
0.08086	0.03427	0.17023	0.00000	0.0000	0.3795	0.0000	1.0000	0	575
0.08062	0.03400	0.16951	0.00000	0.0000	0.3795	0.0000	1.0000	0	575
0.08030	0.03332	0.16938	0.00000	0.0000	0.3802	0.0000	1.0000	0	576
0.08015	0.03332	0.16913	0.00000	0.0000	0.3795	0.0000	1.0000	0	575
0.08007	0.03322	0.16913	0.00000	0.0000	0.3802	0.0000	1.0000	0	576
0.07960	0.03302	0.16871	0.00000	0.0000	0.3802	0.0000	1.0000	0	576
0.07928	0.03296	0.16859	0.00000	0.0000	0.3809	0.0000	1.0000	0	577
0.07913	0.03296	0.16837	0.00000	0.0000	0.3802	0.0000	1.0000	0	576
0.07897	0.03296	0.16791	0.00000	0.0000	0.3795	0.0000	1.0000	0	575
0.07873	0.03255	0.16759	0.00000	0.0000	0.3795	0.0000	1.0000	0	575
0.07834	0.03232	0.16718	0.00000	0.0000	0.3809	0.0000	1.0000	0	577
0.07811	0.03225	0.16660	0.00000	0.0000	0.3809	0.0000	1.0000	0	577
0.07795	0.03225	0.16648	0.00000	0.0000	0.3802	0.0000	1.0000	0	576
0.07780	0.03225	0.16609	0.00000	0.0000	0.3795	0.0000	1.0000	0	575
0.07756	0.03211	0.16548	0.00000	0.0000	0.3795	0.0000	1.0000	0	575
0.07710	0.03189	0.16483	0.00000	0.0000	0.3815	0.0000	1.0000	0	578
0.07710	0.03189	0.16483	0.00000	0.0000	0.3815	0.0000	1.0000	0	578
0.07679	0.03189	0.16373	0.00000	0.0000	0.3802	0.0000	1.0000	0	576
0.07671	0.03181	0.16373	0.00000	0.0000	0.3809	0.0000	1.0000	0	577
0.07664	0.03172	0.16373	0.00000	0.0000	0.3815	0.0000	1.0000	0	578
0.07611	0.03167	0.16350	0.00000	0.0000	0.3802	0.0000	1.0000	0	576
0.07595	0.03167	0.16184	0.00000	0.0000	0.3795	0.0000	1.0000	0	575
0.07580	0.03150	0.16184	0.00000	0.0000	0.3809	0.0000	1.0000	0	577
0.07550	0.03150	0.16146	0.00000	0.0000	0.3795	0.0000	1.0000	0	575
0.07512	0.03070	0.16106	0.00000	0.0000	0.3809	0.0000	1.0000	0	577
0.07482	0.03066	0.16067	0.00000	0.0000	0.3815	0.0000	1.0000	0	578
0.07451	0.03061	0.16024	0.00000	0.0000	0.3822	0.0000	1.0000	0	579
0.07429	0.03058	0.15998	0.00000	0.0000	0.3822	0.0000	1.0000	0	579
0.07414	0.03058	0.15703	0.00000	0.0000	0.3815	0.0000	1.0000	0	578
0.07400	0.03058	0.15546	0.00000	0.0000	0.3809	0.0000	1.0000	0	577
0.07386	0.03058	0.15497	0.00000	0.0000	0.3802	0.0000	1.0000	0	576
0.07372	0.03058	0.15352	0.00000	0.0000	0.3795	0.0000	1.0000	0	575
0.07364	0.03039	0.15352	0.00000	0.0000	0.3802	0.0000	1.0000	0	576
0.07306	0.03016	0.15276	0.00000	0.0000	0.3815	0.0000	1.0000	0	578
0.07293	0.03016	0.15265	0.00000	0.0000	0.3809	0.0000	1.0000	0	577
0.07279	0.03016	0.15252	0.00000	0.0000	0.3802	0.0000	1.0000	0	576
0.07265	0.03016	0.15126	0.00000	0.0000	0.3795	0.0000	1.0000	0	575
0.07236	0.02999	0.15114	0.00000	0.0000	0.3802	0.0000	1.0000	0	576
0.07223	0.02999	0.15101	0.00000	0.0000	0.3795	0.0000	1.0000	0	575
0.07202	0.02980	0.15080	0.00000	0.0000	0.3795	0.0000	1.0000	0	575
0.07166	0.02960	0.15063	0.00000	0.0000	0.3809	0.0000	1.0000	0	577
0.07131	0.02951	0.14990	0.00000	0.0000	0.3822	0.0000	1.0000	0	579
0.07117	0.02951	0.14873	0.00000	0.0000	0.3815	0.0000	1.0000	0	578
0.07096	0.02948	0.14831	0.00000	0.0000	0.3815	0.0000	1.0000	0	578
0.07096	0.02948	0.14831	0.00000	0.0000	0.3815	0.0000	1.0000	0	578
0.07062	0.02945	0.14763	0.00000	0.0000	0.3809	0.0000	1.0000	0	577
0.07049	0.02945	0.14583	0.00000	0.0000	0.3802	0.0000	1.0000	0	576
0.07036	0.02945	0.14565	0.00000	0.0000	0.3795	0.0000	1.0000	0	575
0.07016	0.02934	0.14523	0.00000	0.0000	0.3795	0.0000	1.0000	0	575
0.06981	0.02916	0.14500	0.00000	0.0000	0.3809	0.0000	1.0000	0	577
0.06981	0.02916	0.14500	0.00000	0.0000	0.3809	0.0000	1.0000	0	577
0.06955	0.02916	0.14483	0.00000	0.0000	0.3795	0.0000	1.0000	0	575
0.06928	0.02897	0.14458	0.00000	0.0000	0.3802	0.0000	1.0000	0	576
0.06928	0.02897	0.14458	0.00000	0.0000	0.3802	0.0000	1.0000	0	576
0.06881	0.02877	0.14387	0.00000	0.0000	0.3809	0.0000	1.0000	0	577
0.06868	0.02877	0.14368	0.00000	0.0000	0.3802	0.0000	1.0000	0	576
0.06855	0.02877	0.14339	0.00000	0.0000	0.3795	0.0000	1.0000	0	575
0.06835	0.02828	0.14194	0.00000	0.0000	0.3795	0.0000	1.0000	0	575
0.06815	0.02809	0.14132	0.00000	0.0000	0.3795	0.0000	1.0000	0	575
0.06788	0.02796	0.14096	0.00000	0.0000	0.3802	0.0000	1.0000	0	576
0.06776	0.02796	0.14078	0.00000	0.0000	0.3795	0.0000	1.0000	0	575
0.06749	0.02773	0.14040	0.00000	0.0000	0.3802	0.0000	1.0000	0	576
0.06749	0.02773	0.14040	0.00000	0.0000	0.3802	0.0000	1.0000	0	576
0.06710	0.02745	0.13928	0.00000	0.0000	0.3802	0.0000	1.0000	0	576
0.06690	0.02741	0.13914	0.00000	0.0000	0.3802	0.0000	1.0000	0	576
0.06678	0.02741	0.13884	0.00000	0.0000	0.3795	0.0000	1.0000	0	575
0.06658	0.02722	0.13831	0.00000	0.0000	0.3795	0.0000	1.0000	0	575
0.06632	0.02695	0.13766	0.00000	0.0000	0.3802	0.0000	1.0000	0	576
0.06620	0.02695	0.13687	0.00000	0.0000	0.3795	0.0000	1.0000	0	575
0.06594	0.02667	0.13665	0.00000	0.0000	0.3802	0.0000	1.0000	0	576
0.06582	0.02667	0.13391	0.00000	0.0000	0.3795	0.0000	1.0000	0	575
0.06556	0.02628	0.13344	0.00000	0.0000	0.3802	0.0000	1.0000	0	576
0.06544	0.02628	0.13270	0.00000	0.0000	0.3795	0.0000	1.0000	0	575
0.06526	0.02614	0.13205	0.00000	0.0000	0.3795	0.0000	1.0000	0	575
0.06494	0.02596	0.13177	0.00000	0.0000	0.3809	0.0000	1.0000	0	577
0.06482	0.02596	0.13142	0.00000	0.0000	0.3802	0.0000	1.0000	0	576
0.06470	0.02596	0.13026	0.00000	0.0000	0.3795	0.0000	1.0000	0	575
0.06446	0.02577	0.13012	0.00000	0.0000	0.3802	0.0000	1.0000	0	576
0.06434	0.02577	0.12994	0.00000	0.0000	0.3795	0.0000	1.0000	0	575
0.06416	0.02558	0.12933	0.00000	0.0000	0.3795	0.0000	1.0000	0	575
0.06398	0.02544	0.12901	0.00000	0.0000	0.3795	0.0000	1.0000	0	575
0.06380	0.02506	0.12857	0.00000	0.0000	0.3795	0.0000	1.0000	0	575
0.06348	0.02463	0.12784	0.00000	0.0000	0.3809	0.0000	1.0000	0	577
0.06330	0.02458	0.12617	0.00000	0.0000	0.3809	0.0000	1.0000	0	577
0.06320	0.02458	0.12498	0.00000	0.0000	0.3802	0.0000	1.0000	0	576
0.06289	0.02449	0.12487	0.00000	0.0000	0.3815	0.0000	1.0000	0	578
0.06278	0.02449	0.12413	0.00000	0.0000	0.3809	0.0000	1.0000	0	577
0.06278	0.02449	0.12413	0.00000	0.0000	0.3809	0.0000	1.0000	0	577
0.06257	0.02449	0.12363	0.00000	0.0000	0.3795	0.0000	1.0000	0	575
0.06237	0.02428	0.12363	0.00000	0.0000	0.3815	0.0000	1.0000	0	578
0.06216	0.02428	0.12318	0.00000	0.0000	0.3802	0.0000	1.0000	0	576
0.06205	0.02428	0.12187	0.00000	0.0000	0.3795	0.0000	1.0000	0	575
0.06181	0.02406	0.12177	0.00000	0.0000	0.3802	0.0000	1.0000	0	576
0.06171	0.02406	0.12106	0.00000	0.0000	0.3795	0.0000	1.0000	0	575
0.06164	0.02393	0.12106	0.00000	0.0000	0.3802	0.0000	1.0000	0	576
0.06131	0.02375	0.11920	0.00000	0.0000	0.3802	0.0000	1.0000	0	576
0.06121	0.02375	0.11893	0.00000	0.0000	0.3795	0.0000	1.0000	0	575
0.06091	0.02352	0.11882	0.00000	0.0000	0.3809	0.0000	1.0000	0	577
0.06074	0.02348	0.11827	0.00000	0.0000	0.3809	0.0000	1.0000	0	577
0.06064	0.02348	0.11756	0.00000	0.0000	0.3802	0.0000	1.0000	0	576
0.06055	0.02348	0.11698	0.00000	0.0000	0.3795	0.0000	1.0000	0	575
0.06025	0.02321	0.11655	0.00000	0.0000	0.3809	0.0000	1.0000	0	577
0.06016	0.02321	0.11644	0.00000	0.0000	0.3802	0.0000	1.0000	0	576
0.05999	0.02317	0.11600	0.00000	0.0000	0.3802	0.0000	1.0000	0	576
0.05971	0.02307	0.11560	0.00000	0.0000	0.3815	0.0000	1.0000	0	578
0.05971	0.02307	0.11560	0.00000	0.0000	0.3815	0.0000	1.0000	0	578
0.05971	0.02307	0.11560	0.00000	0.0000	0.3815	0.0000	1.0000	0	578
0.05951	0.02307	0.11554	0.00000	0.0000	0.3802	0.0000	1.0000	0	576
0.05913	0.02273	0.11492	0.00000	0.0000	0.3809	0.0000	1.0000	0	577
0.05897	0.02269	0.11458	0.00000	0.0000	0.3809	0.0000	1.0000	0	577
0.05884	0.02265	0.11458	0.00000	0.0000	0.3822	0.0000	1.0000	0	579
0.05865	0.02265	0.11405	0.00000	0.0000	0.3809	0.0000	1.0000	0	577
0.05855	0.02265	0.11348	0.00000	0.0000	0.3802	0.0000	1.0000	0	576
0.05846	0.02265	0.11192	0.00000	0.0000	0.3795	0.0000	1.0000	0	575
0.05824	0.02241	0.11157	0.00000	0.0000	0.3802	0.0000	1.0000	0	576
0.05815	0.02241	0.11130	0.00000	0.0000	0.3795	0.0000	1.0000	0	575
0.05787	0.02200	0.11071	0.00000	0.0000	0.3809	0.0000	1.0000	0	577
0.05787	0.02200	0.11071	0.00000	0.0000	0.3809	0.0000	1.0000	0	577
0.05768	0.02200	0.10998	0.00000	0.0000	0.3795	0.0000	1.0000	0	575
0.05753	0.02189	0.10888	0.00000	0.0000	0.3795	0.0000	1.0000	0	575
0.05740	0.02161	0.10888	0.00000	0.0000	0.3809	0.0000	1.0000	0	577
0.05731	0.02161	0.10878	0.00000	0.0000	0.3802	0.0000	1.0000	0	576
0.05707	0.02147	0.10854	0.00000	0.0000	0.3795	0.0000	1.0000	0	575
0.05686	0.02127	0.10799	0.00000	0.0000	0.3802	0.0000	1.0000	0	576
0.05665	0.02124	0.10781	0.00000	0.0000	0.3809	0.0000	1.0000	0	577
0.05650	0.02115	0.10765	0.00000	0.0000	0.3809	0.0000	1.0000	0	577
0.05635	0.02114	0.10716	0.00000	0.0000	0.3809	0.0000	1.0000	0	577
0.05629	0.02109	0.10716	0.00000	0.0000	0.3815	0.0000	1.0000	0	578
0.05611	0.02109	0.10694	0.00000	0.0000	0.3802	0.0000	1.0000	0	576
0.05605	0.02103	0.10694	0.00000	0.0000	0.3809	0.0000	1.0000	0	577
0.05590	0.02097	0.10688	0.00000	0.0000	0.3809	0.0000	1.0000	0	577
0.05566	0.02090	0.10662	0.00000	0.0000	0.3802	0.0000	1.0000	0	576
0.05551	0.02082	0.10586	0.00000	0.0000	0.3802	0.0000	1.0000	0	576
0.05519	0.02073	0.10565	0.00000	0.0000	0.3822	0.0000	1.0000	0	579
0.05510	0.02073	0.10548	0.00000	0.0000	0.3815	0.0000	1.0000	0	578
0.05501	0.02073	0.10456	0.00000	0.0000	0.3809	0.0000	1.0000	0	577
0.05493	0.02073	0.10414	0.00000	0.0000	0.3802	0.0000	1.0000	0	576
0.05487	0.02066	0.10414	0.00000	0.0000	0.3809	0.0000	1.0000	0	577
0.05458	0.02056	0.10371	0.00000	0.0000	0.3809	0.0000	1.0000	0	577
0.05443	0.02053	0.10360	0.00000	0.0000	0.3809	0.0000	1.0000	0	577
0.05417	0.02048	0.10347	0.00000	0.0000	0.3822	0.0000	1.0000	0	579
0.05417	0.02048	0.10347	0.00000	0.0000	0.3822	0.0000	1.0000	0	579
0.05400	0.02048	0.10331	0.00000	0.0000	0.3809	0.0000	1.0000	0	577
0.05400	0.02048	0.10331	0.00000	0.0000	0.3809	0.0000	1.0000	0	577
0.05383	0.02048	0.10263	0.00000	0.0000	0.3795	0.0000	1.0000	0	575
0.05363	0.02034	0.10235	0.00000	0.0000	0.3802	0.0000	1.0000	0	576
0.05363	0.02034	0.10235	0.00000	0.0000	0.3802	0.0000	1.0000	0	576
0.05337	0.02011	0.10228	0.00000	0.0000	0.3815	0.0000	1.0000	0	578
0.05314	0.02006	0.10207	0.00000	0.0000	0.3809	0.0000	1.0000	0	577
0.05306	0.02006	0.10104	0.00000	0.0000	0.3802	0.0000	1.0000	0	576
0.05300	0.02001	0.10104	0.00000	0.0000	0.3809	0.0000	1.0000	0	577
0.05292	0.02001	0.10098	0.00000	0.0000	0.3802	0.0000	1.0000	0	576
0.05258	0.01963	0.10080	0.00000	0.0000	0.3809	0.0000	1.0000	0	577
0.05244	0.01960	0.10053	0.00000	0.0000	0.3809	0.0000	1.0000	0	577
0.05244	0.01960	0.10053	0.00000	0.0000	0.3809	0.0000	1.0000	0	577
0.05221	0.01952	0.10000	0.00000	0.0000	0.3802	0.0000	1.0000	0	576
0.05221	0.01952	0.10000	0.00000	0.0000	0.3802	0.0000	1.0000	0	576
0.05193	0.01935	0.09965	0.00000	0.0000	0.3802	0.0000	1.0000	0	576
0.05185	0.01935	0.09915	0.00000	0.0000	0.3795	0.0000	1.0000	0	575
0.05154	0.01922	0.09878	0.00000	0.0000	0.3815	0.0000	1.0000	0	578
0.05146	0.01922	0.09829	0.00000	0.0000	0.3809	0.0000	1.0000	0	577
0.05138	0.01922	0.09815	0.00000	0.0000	0.3802	0.0000	1.0000	0	576
0.05130	0.01922	0.09793	0.00000	0.0000	0.3795	0.0000	1.0000	0	575
0.05119	0.01897	0.09793	0.00000	0.0000	0.3809	0.0000	1.0000	0	577
0.05102	0.01897	0.09766	0.00000	0.0000	0.3795	0.0000	1.0000	0	575
0.05089	0.01875	0.09727	0.00000	0.0000	0.3795	0.0000	1.0000	0	575
0.05069	0.01856	0.09647	0.00000	0.0000	0.3802	0.0000	1.0000	0	576
0.05062	0.01856	0.09606	0.00000	0.0000	0.3795	0.0000	1.0000	0	575
0.05031	0.01826	0.09557	0.00000	0.0000	0.3815	0.0000	1.0000	0	578
0.05023	0.01826	0.09528	0.00000	0.0000	0.3809	0.0000	1.0000	0	577
0.05016	0.01826	0.09504	0.00000	0.0000	0.3802	0.0000	1.0000	0	576
0.05002	0.01819	0.09483	0.00000	0.0000	0.3802	0.0000	1.0000	0	576
0.04994	0.01819	0.09457	0.00000	0.0000	0.3795	0.0000	1.0000	0	575
0.04978	0.01785	0.09457	0.00000	0.0000	0.3815	0.0000	1.0000	0	578
0.04965	0.01777	0.09449	0.00000	0.0000	0.3815	0.0000	1.0000	0	578
0.04965	0.01777	0.09449	0.00000	0.0000	0.3815	0.0000	1.0000	0	578
0.04943	0.01770	0.09440	0.00000	0.0000	0.3809	0.0000	1.0000	0	577
0.04922	0.01767	0.09425	0.00000	0.0000	0.3802	0.0000	1.0000	0	576
0.04917	0.01760	0.09425	0.00000	0.0000	0.3809	0.0000	1.0000	0	577
0.04901	0.01760	0.09376	0.00000	0.0000	0.3795	0.0000	1.0000	0	575
0.04888	0.01749	0.09355	0.00000	0.0000	0.3795	0.0000	1.0000	0	575
0.04866	0.01728	0.09355	0.00000	0.0000	0.3822	0.0000	1.0000	0	579
0.04858	0.01728	0.09351	0.00000	0.0000	0.3815	0.0000	1.0000	0	578
0.04843	0.01728	0.09306	0.00000	0.0000	0.3802	0.0000	1.0000	0	576
0.04835	0.01728	0.09269	0.00000	0.0000	0.3795	0.0000	1.0000	0	575
0.04811	0.01705	0.09248	0.00000	0.0000	0.3809	0.0000	1.0000	0	577
0.04803	0.01705	0.09227	0.00000	0.0000	0.3802	0.0000	1.0000	0	576
0.04790	0.01698	0.09204	0.00000	0.0000	0.3802	0.0000	1.0000	0	576
0.04777	0.01694	0.09194	0.00000	0.0000	0.3802	0.0000	1.0000	0	576
0.04770	0.01694	0.09130	0.00000	0.0000	0.3795	0.0000	1.0000	0	575
0.04746	0.01672	0.09072	0.00000	0.0000	0.3809	0.0000	1.0000	0	577
0.04738	0.01672	0.08992	0.00000	0.0000	0.3802	0.0000	1.0000	0	576
0.04726	0.01664	0.08968	0.00000	0.0000	0.3802	0.0000	1.0000	0	576
0.04720	0.01661	0.08968	0.00000	0.0000	0.3809	0.0000	1.0000	0	577
0.04710	0.01653	0.08968	0.00000	0.0000	0.3822	0.0000	1.0000	0	579
0.04699	0.01647	0.08968	0.00000	0.0000	0.3835	0.0000	1.0000	0	581
0.04670	0.01647	0.08944	0.00000	0.0000	0.3809	0.0000	1.0000	0	577
0.04664	0.01640	0.08944	0.00000	0.0000	0.3815	0.0000	1.0000	0	578
0.04650	0.01640	0.08930	0.00000	0.0000	0.3802	0.0000	1.0000	0	576
0.04650	0.01640	0.08930	0.00000	0.0000	0.3802	0.0000	1.0000	0	576
0.04614	0.01621	0.08910	0.00000	0.0000	0.3815	0.0000	1.0000	0	578
0.04614	0.01621	0.08910	0.00000	0.0000	0.3815	0.0000	1.0000	0	578
0.04594	0.01613	0.08820	0.00000	0.0000	0.3809	0.0000	1.0000	0	577
0.04594	0.01613	0.08820	0.00000	0.0000	0.3809	0.0000	1.0000	0	577
0.04586	0.01613	0.08810	0.00000	0.0000	0.3802	0.0000	1.0000	0	576
0.04556	0.01595	0.08784	0.00000	0.0000	0.3809	0.0000	1.0000	0	577
0.04551	0.01591	0.08784	0.00000	0.0000	0.3815	0.0000	1.0000	0	578
0.04544	0.01591	0.08778	0.00000	0.0000	0.3809	0.0000	1.0000	0	577
0.04531	0.01584	0.08772	0.00000	0.0000	0.3809	0.0000	1.0000	0	577
0.04514	0.01578	0.08768	0.00000	0.0000	0.3815	0.0000	1.0000	0	578
0.04494	0.01572	0.08717	0.00000	0.0000	0.3809	0.0000	1.0000	0	577
0.04487	0.01572	0.08702	0.00000	0.0000	0.3802	0.0000	1.0000	0	576
0.04479	0.01572	0.08663	0.00000	0.0000	0.3795	0.0000	1.0000	0	575
0.04459	0.01553	0.08663	0.00000	0.0000	0.3822	0.0000	1.0000	0	579
0.04445	0.01553	0.08631	0.00000	0.0000	0.3809	0.0000	1.0000	0	577
0.04437	0.01553	0.08619	0.00000	0.0000	0.3802	0.0000	1.0000	0	576
0.04427	0.01545	0.08619	0.00000	0.0000	0.3815	0.0000	1.0000	0	578
0.04415	0.01536	0.08617	0.00000	0.0000	0.3815	0.0000	1.0000	0	578
0.04400	0.01536	0.08567	0.00000	0.0000	0.3802	0.0000	1.0000	0	576
0.04391	0.01527	0.08567	0.00000	0.0000	0.3815	0.0000	1.0000	0	578
0.04371	0.01524	0.08552	0.00000	0.0000	0.3809	0.0000	1.0000	0	577
0.04359	0.01521	0.08502	0.00000	0.0000	0.3809	0.0000	1.0000	0	577
0.04352	0.01521	0.08454	0.00000	0.0000	0.3802	0.0000	1.0000	0	576
0.04345	0.01521	0.08440	0.00000	0.0000	0.3795	0.0000	1.0000	0	575
0.04328	0.01502	0.08423	0.00000	0.0000	0.3802	0.0000	1.0000	0	576
0.04320	0.01502	0.08359	0.00000	0.0000	0.3795	0.0000	1.0000	0	575
0.04294	0.01483	0.08339	0.00000	0.0000	0.3815	0.0000	1.0000	0	578
0.04287	0.01483	0.08315	0.00000	0.0000	0.3809	0.0000	1.0000	0	577
0.04275	0.01475	0.08259	0.00000	0.0000	0.3809	0.0000	1.0000	0	577
0.04268	0.01475	0.08227	0.00000	0.0000	0.3802	0.0000	1.0000	0	576
0.04268	0.01475	0.08227	0.00000	0.0000	0.3802	0.0000	1.0000	0	576
0.04249	0.01452	0.08208	0.00000	0.0000	0.3795	0.0000	1.0000	0	575
0.04209	0.01426	0.08177	0.00000	0.0000	0.3835	0.0000	1.0000	0	581
0.04209	0.01426	0.08177	0.00000	0.0000	0.3835	0.0000	1.0000	0	581
0.04195	0.01426	0.08158	0.00000	0.0000	0.3822	0.0000	1.0000	0	579
0.04188	0.01426	0.08113	0.00000	0.0000	0.3815	0.0000	1.0000	0	578
0.04181	0.01426	0.08072	0.00000	0.0000	0.3809	0.0000	1.0000	0	577
0.04181	0.01426	0.08072	0.00000	0.0000	0.3809	0.0000	1.0000	0	577
0.04170	0.01416	0.08068	0.00000	0.0000	0.3809	0.0000	1.0000	0	577
0.04156	0.01416	0.08035	0.00000	0.0000	0.3795	0.0000	1.0000	0	575
0.04142	0.01391	0.08035	0.00000	0.0000	0.3815	0.0000	1.0000	0	578
0.04124	0.01388	0.08011	0.00000	0.0000	0.3809	0.0000	1.0000	0	577
0.04112	0.01383	0.07993	0.00000	0.0000	0.3809	0.0000	1.0000	0	577
0.04096	0.01379	0.07938	0.00000	0.0000	0.3815	0.0000	1.0000	0	578
0.04091	0.01376	0.07938	0.00000	0.0000	0.3822	0.0000	1.0000	0	579
0.04078	0.01376	0.07911	0.00000	0.0000	0.3809	0.0000	1.0000	0	577
0.04078	0.01376	0.07911	0.00000	0.0000	0.3809	0.0000	1.0000	0	577
0.04055	0.01367	0.07890	0.00000	0.0000	0.3809	0.0000	1.0000	0	577
0.04055	0.01367	0.07890	0.00000	0.0000	0.3809	0.0000	1.0000	0	577
0.04049	0.01367	0.07880	0.00000	0.0000	0.3802	0.0000	1.0000	0	576
0.04037	0.01356	0.07871	0.00000	0.0000	0.3802	0.0000	1.0000	0	576
0.04005	0.01335	0.07804	0.00000	0.0000	0.3815	0.0000	1.0000	0	578
0.03999	0.01335	0.07771	0.00000	0.0000	0.3809	0.0000	1.0000	0	577
0.03988	0.01331	0.07760	0.00000	0.0000	0.3809	0.0000	1.0000	0	577
0.03976	0.01329	0.07741	0.00000	0.0000	0.3809	0.0000	1.0000	0	577
0.03965	0.01324	0.07726	0.00000	0.0000	0.3809	0.0000	1.0000	0	577
0.03965	0.01324	0.07726	0.00000	0.0000	0.3809	0.0000	1.0000	0	577
0.03959	0.01324	0.07720	0.00000	0.0000	0.3802	0.0000	1.0000	0	576
0.03932	0.01301	0.07700	0.00000	0.0000	0.3809	0.0000	1.0000	0	577
0.03921	0.01292	0.07680	0.00000	0.0000	0.3809	0.0000	1.0000	0	577
0.03914	0.01292	0.07656	0.00000	0.0000	0.3802	0.0000	1.0000	0	576
0.03896	0.01283	0.07656	0.00000	0.0000	0.3828	0.0000	1.0000	0	580
0.03883	0.01283	0.07633	0.00000	0.0000	0.3815	0.0000	1.0000	0	578
0.03872	0.01276	0.07581	0.00000	0.0000	0.3815	0.0000	1.0000	0	578
0.03866	0.01276	0.07568	0.00000	0.0000	0.3809	0.0000	1.0000	0	577
0.03859	0.01276	0.07533	0.00000	0.0000	0.3802	0.0000	1.0000	0	576
0.03848	0.01271	0.07498	0.00000	0.0000	0.3802	0.0000	1.0000	0	576
0.03829	0.01263	0.07483	0.00000	0.0000	0.3815	0.0000	1.0000	0	578
0.03824	0.01256	0.07483	0.00000	0.0000	0.3822	0.0000	1.0000	0	579
0.03812	0.01256	0.07457	0.00000	0.0000	0.3809	0.0000	1.0000	0	577
0.03812	0.01256	0.07457	0.00000	0.0000	0.3809	0.0000	1.0000	0	577
0.03790	0.01249	0.07425	0.00000	0.0000	0.3809	0.0000	1.0000	0	577
0.03771	0.01242	0.07387	0.00000	0.0000	0.3822	0.0000	1.0000	0	579
0.03764	0.01242	0.07371	0.00000	0.0000	0.3815	0.0000	1.0000	0	578
0.03760	0.01234	0.07371	0.00000	0.0000	0.3822	0.0000	1.0000	0	579
0.03748	0.01234	0.07345	0.00000	0.0000	0.3809	0.0000	1.0000	0	577
0.03741	0.01234	0.07316	0.00000	0.0000	0.3802	0.0000	1.0000	0	576
0.03724	0.01227	0.07316	0.00000	0.0000	0.3828	0.0000	1.0000	0	580
0.03720	0.01224	0.07316	0.00000	0.0000	0.3835	0.0000	1.0000	0	581
0.03701	0.01224	0.07272	0.00000	0.0000	0.3815	0.0000	1.0000	0	578
0.03695	0.01224	0.07238	0.00000	0.0000	0.3809	0.0000	1.0000	0	577
0.03695	0.01224	0.07238	0.00000	0.0000	0.3809	0.0000	1.0000	0	577
0.03678	0.01214	0.07212	0.00000	0.0000	0.3802	0.0000	1.0000	0	576
0.03657	0.01207	0.07212	0.00000	0.0000	0.3835	0.0000	1.0000	0	581
0.03651	0.01207	0.07206	0.00000	0.0000	0.3828	0.0000	1.0000	0	580
0.03639	0.01207	0.07137	0.00000	0.0000	0.3815	0.0000	1.0000	0	578
0.03639	0.01207	0.07137	0.00000	0.0000	0.3815	0.0000	1.0000	0	578
0.03626	0.01207	0.07110	0.00000	0.0000	0.3802	0.0000	1.0000	0	576
0.03620	0.01207	0.07081	0.00000	0.0000	0.3795	0.0000	1.0000	0	575
0.03593	0.01187	0.07068	0.00000	0.0000	0.3822	0.0000	1.0000	0	579
0.03579	0.01183	0.07058	0.00000	0.0000	0.3828	0.0000	1.0000	0	580
0.03579	0.01183	0.07058	0.00000	0.0000	0.3828	0.0000	1.0000	0	580
0.03563	0.01181	0.07005	0.00000	0.0000	0.3822	0.0000	1.0000	0	579
0.03557	0.01181	0.06956	0.00000	0.0000	0.3815	0.0000	1.0000	0	578
0.03551	0.01181	0.06932	0.00000	0.0000	0.3809	0.0000	1.0000	0	577
0.03551	0.01181	0.06932	0.00000	0.0000	0.3809	0.0000	1.0000	0	577
0.03539	0.01181	0.06911	0.00000	0.0000	0.3795	0.0000	1.0000	0	575
0.03521	0.01158	0.06867	0.00000	0.0000	0.3809	0.0000	1.0000	0	577
0.03513	0.01153	0.06867	0.00000	0.0000	0.3822	0.0000	1.0000	0	579
0.03501	0.01153	0.06849	0.00000	0.0000	0.3809	0.0000	1.0000	0	577
0.03496	0.01153	0.06834	0.00000	0.0000	0.3802	0.0000	1.0000	0	576
0.03496	0.01153	0.06834	0.00000	0.0000	0.3802	0.0000	1.0000	0	576
0.03468	0.01140	0.06814	0.00000	0.0000	0.3815	0.0000	1.0000	0	578
0.03462	0.01140	0.06797	0.00000	0.0000	0.3809	0.0000	1.0000	0	577
0.03458	0.01131	0.06797	0.00000	0.0000	0.3815	0.0000	1.0000	0	578
0.03446	0.01131	0.06723	0.00000	0.0000	0.3802	0.0000	1.0000	0	576
0.03434	0.01125	0.06723	0.00000	0.0000	0.3822	0.0000	1.0000	0	579
0.03434	0.01125	0.06723	0.00000	0.0000	0.3822	0.0000	1.0000	0	579
0.03417	0.01125	0.06696	0.00000	0.0000	0.3802	0.0000	1.0000	0	576
0.03409	0.01116	0.06696	0.00000	0.0000	0.3815	0.0000	1.0000	0	578
0.03404	0.01116	0.06686	0.00000	0.0000	0.3809	0.0000	1.0000	0	577
0.03392	0.01116	0.06660	0.00000	0.0000	0.3795	0.0000	1.0000	0	575
0.03371	0.01095	0.06633	0.00000	0.0000	0.3815	0.0000	1.0000	0	578
0.03363	0.01091	0.06633	0.00000	0.0000	0.3828	0.0000	1.0000	0	580
0.03351	0.01091	0.06612	0.00000	0.0000	0.3815	0.0000	1.0000	0	578
0.03346	0.01091	0.06590	0.00000	0.0000	0.3809	0.0000	1.0000	0	577
0.03340	0.01091	0.06573	0.00000	0.0000	0.3802	0.0000	1.0000	0	576
0.03340	0.01091	0.06573	0.00000	0.0000	0.3802	0.0000	1.0000	0	576
0.03317	0.01072	0.06541	0.00000	0.0000	0.3809	0.0000	1.0000	0	577
0.03312	0.01072	0.06504	0.00000	0.0000	0.3802	0.0000	1.0000	0	576
0.03312	0.01072	0.06504	0.00000	0.0000	0.3802	0.0000	1.0000	0	576
0.03298	0.01047	0.06495	0.00000	0.0000	0.3809	0.0000	1.0000	0	577
0.03285	0.01041	0.06492	0.00000	0.0000	0.3815	0.0000	1.0000	0	578
0.03277	0.01032	0.06492	0.00000	0.0000	0.3828	0.0000	1.0000	0	580
0.03260	0.01032	0.06473	0.00000	0.0000	0.3809	0.0000	1.0000	0	577
0.03239	0.01026	0.06462	0.00000	0.0000	0.3828	0.0000	1.0000	0	580
0.03230	0.01023	0.06452	0.00000	0.0000	0.3828	0.0000	1.0000	0	580
0.03230	0.01023	0.06452	0.00000	0.0000	0.3828	0.0000	1.0000	0	580
0.03226	0.01020	0.06452	0.00000	0.0000	0.3835	0.0000	1.0000	0	581
0.03210	0.01020	0.06439	0.00000	0.0000	0.3815	0.0000	1.0000	0	578
0.03196	0.01017	0.06426	0.00000	0.0000	0.3822	0.0000	1.0000	0	579
0.03196	0.01017	0.06426	0.00000	0.0000	0.3822	0.0000	1.0000	0	579
0.03180	0.01010	0.06422	0.00000	0.0000	0.3835	0.0000	1.0000	0	581
0.03170	0.01009	0.06415	0.00000	0.0000	0.3835	0.0000	1.0000	0	581
0.03165	0.01009	0.06412	0.00000	0.0000	0.3828	0.0000	1.0000	0	580
0.03159	0.01009	0.06403	0.00000	0.0000	0.3822	0.0000	1.0000	0	579
0.03159	0.01009	0.06403	0.00000	0.0000	0.3822	0.0000	1.0000	0	579
0.03142	0.01009	0.06358	0.00000	0.0000	0.3802	0.0000	1.0000	0	576
0.03142	0.01009	0.06358	0.00000	0.0000	0.3802	0.0000	1.0000	0	576
0.03120	0.00989	0.06340	0.00000	0.0000	0.3809	0.0000	1.0000	0	577
0.03114	0.00989	0.06322	0.00000	0.0000	0.3802	0.0000	1.0000	0	576
0.03109	0.00989	0.06309	0.00000	0.0000	0.3795	0.0000	1.0000	0	575
0.03094	0.00959	0.06309	0.00000	0.0000	0.3822	0.0000	1.0000	0	579
0.03083	0.00959	0.06289	0.00000	0.0000	0.3809	0.0000	1.0000	0	577
0.03079	0.00953	0.06289	0.00000	0.0000	0.3815	0.0000	1.0000	0	578
0.03075	0.00950	0.06289	0.00000	0.0000	0.3822	0.0000	1.0000	0	579
0.03051	0.00943	0.06274	0.00000	0.0000	0.3815	0.0000	1.0000	0	578
0.03051	0.00943	0.06274	0.00000	0.0000	0.3815	0.0000	1.0000	0	578
0.03040	0.00943	0.06183	0.00000	0.0000	0.3802	0.0000	1.0000	0	576
0.03036	0.00936	0.06183	0.00000	0.0000	0.3809	0.0000	1.0000	0	577
0.03018	0.00926	0.06183	0.00000	0.0000	0.3842	0.0000	1.0000	0	582
0.02995	0.00925	0.06159	0.00000	0.0000	0.3835	0.0000	1.0000	0	581
0.02989	0.00925	0.06142	0.00000	0.0000	0.3828	0.0000	1.0000	0	580
0.02984	0.00925	0.06096	0.00000	0.0000	0.3822	0.0000	1.0000	0	579
0.02984	0.00925	0.06096	0.00000	0.0000	0.3822	0.0000	1.0000	0	579
0.02970	0.00917	0.06075	0.00000	0.0000	0.3815	0.0000	1.0000	0	578
0.02964	0.00917	0.06057	0.00000	0.0000	0.3809	0.0000	1.0000	0	577
0.02964	0.00917	0.06057	0.00000	0.0000	0.3809	0.0000	1.0000	0	577
0.02954	0.00908	0.06057	0.00000	0.0000	0.3828	0.0000	1.0000	0	580
0.02950	0.00905	0.06057	0.00000	0.0000	0.3835	0.0000	1.0000	0	581
0.02929	0.00905	0.06040	0.00000	0.0000	0.3809	0.0000	1.0000	0	577
0.02909	0.00898	0.06016	0.00000	0.0000	0.3828	0.0000	1.0000	0	580
0.02893	0.00897	0.05994	0.00000	0.0000	0.3842	0.0000	1.0000	0	582
0.02890	0.00894	0.05994	0.00000	0.0000	0.3848	0.0000	1.0000	0	583
0.02890	0.00894	0.05994	0.00000	0.0000	0.3848	0.0000	1.0000	0	583
0.02885	0.00894	0.05986	0.00000	0.0000	0.3842	0.0000	1.0000	0	582
0.02869	0.00894	0.05958	0.00000	0.0000	0.3822	0.0000	1.0000	0	579
0.02863	0.00894	0.05945	0.00000	0.0000	0.3815	0.0000	1.0000	0	578
0.02858	0.00894	0.05930	0.00000	0.0000	0.3809	0.0000	1.0000	0	577
0.02858	0.00894	0.05930	0.00000	0.0000	0.3809	0.0000	1.0000	0	577
0.02847	0.00894	0.05907	0.00000	0.0000	0.3795	0.0000	1.0000	0	575
0.02834	0.00873	0.05907	0.00000	0.0000	0.3822	0.0000	1.0000	0	579
0.02820	0.00870	0.05875	0.00000	0.0000	0.3815	0.0000	1.0000	0	578
0.02820	0.00870	0.05875	0.00000	0.0000	0.3815	0.0000	1.0000	0	578
0.02814	0.00870	0.05872	0.00000	0.0000	0.3809	0.0000	1.0000	0	577
0.02804	0.00870	0.05841	0.00000	0.0000	0.3795	0.0000	1.0000	0	575
0.02795	0.00859	0.05831	0.00000	0.0000	0.3795	0.0000	1.0000	0	575
0.02788	0.00834	0.05831	0.00000	0.0000	0.3809	0.0000	1.0000	0	577
0.02771	0.00825	0.05814	0.00000	0.0000	0.3809	0.0000	1.0000	0	577
0.02768	0.00822	0.05814	0.00000	0.0000	0.3815	0.0000	1.0000	0	578
0.02756	0.00817	0.05809	0.00000	0.0000	0.3822	0.0000	1.0000	0	579
0.02745	0.00817	0.05771	0.00000	0.0000	0.3809	0.0000	1.0000	0	577
0.02735	0.00810	0.05771	0.00000	0.0000	0.3828	0.0000	1.0000	0	580
0.02725	0.00810	0.05752	0.00000	0.0000	0.3815	0.0000	1.0000	0	578
0.02718	0.00802	0.05752	0.00000	0.0000	0.3828	0.0000	1.0000	0	580
0.02707	0.00802	0.05702	0.00000	0.0000	0.3815	0.0000	1.0000	0	578
0.02707	0.00802	0.05702	0.00000	0.0000	0.3815	0.0000	1.0000	0	578
0.02690	0.00798	0.05683	0.00000	0.0000	0.3815	0.0000	1.0000	0	578
0.02682	0.00794	0.05672	0.00000	0.0000	0.3815	0.0000	1.0000	0	578
0.02677	0.00794	0.05625	0.00000	0.0000	0.3809	0.0000	1.0000	0	577
0.02674	0.00788	0.05625	0.00000	0.0000	0.3815	0.0000	1.0000	0	578
0.02674	0.00788	0.05625	0.00000	0.0000	0.3815	0.0000	1.0000	0	578
0.02655	0.00784	0.05609	0.00000	0.0000	0.3802	0.0000	1.0000	0	576
0.02647	0.00777	0.05594	0.00000	0.0000	0.3802	0.0000	1.0000	0	576
0.02634	0.00768	0.05594	0.00000	0.0000	0.3828	0.0000	1.0000	0	580
0.02623	0.00768	0.05567	0.00000	0.0000	0.3815	0.0000	1.0000	0	578
0.02623	0.00768	0.05567	0.00000	0.0000	0.3815	0.0000	1.0000	0	578
0.02623	0.00768	0.05567	0.00000	0.0000	0.3815	0.0000	1.0000	0	578
0.02608	0.00768	0.05546	0.00000	0.0000	0.3795	0.0000	1.0000	0	575
0.02590	0.00747	0.05519	0.00000	0.0000	0.3815	0.0000	1.0000	0	578
0.02590	0.00747	0.05519	0.00000	0.0000	0.3815	0.0000	1.0000	0	578
0.02580	0.00747	0.05497	0.00000	0.0000	0.3802	0.0000	1.0000	0	576
0.02575	0.00747	0.05487	0.00000	0.0000	0.3795	0.0000	1.0000	0	575
0.02557	0.00727	0.05471	0.00000	0.0000	0.3815	0.0000	1.0000	0	578
0.02554	0.00724	0.05471	0.00000	0.0000	0.3822	0.0000	1.0000	0	579
0.02549	0.00724	0.05466	0.00000	0.0000	0.3815	0.0000	1.0000	0	578
0.02544	0.00724	0.05457	0.00000	0.0000	0.3809	0.0000	1.0000	0	577
0.02534	0.00724	0.05421	0.00000	0.0000	0.3795	0.0000	1.0000	0	575
0.02527	0.00702	0.05421	0.00000	0.0000	0.3809	0.0000	1.0000	0	577
0.02516	0.00694	0.05411	0.00000	0.0000	0.3815	0.0000	1.0000	0	578
0.02516	0.00694	0.05411	0.00000	0.0000	0.3815	0.0000	1.0000	0	578
0.02516	0.00694	0.05411	0.00000	0.0000	0.3815	0.0000	1.0000	0	578
0.02510	0.00677	0.05411	0.00000	0.0000	0.3828	0.0000	1.0000	0	580
0.02496	0.00671	0.05408	0.00000	0.0000	0.3822	0.0000	1.0000	0	579
0.02481	0.00671	0.05399	0.00000	0.0000	0.3802	0.0000	1.0000	0	576
0.02455	0.00639	0.05353	0.00000	0.0000	0.3822	0.0000	1.0000	0	579
0.02450	0.00639	0.05341	0.00000	0.0000	0.3815	0.0000	1.0000	0	578
0.02447	0.00633	0.05341	0.00000	0.0000	0.3822	0.0000	1.0000	0	579
0.02437	0.00633	0.05288	0.00000	0.0000	0.3809	0.0000	1.0000	0	577
0.02434	0.00631	0.05288	0.00000	0.0000	0.3815	0.0000	1.0000	0	578
0.02422	0.00624	0.05288	0.00000	0.0000	0.3842	0.0000	1.0000	0	582
0.02422	0.00624	0.05288	0.00000	0.0000	0.3842	0.0000	1.0000	0	582
0.02399	0.00618	0.05266	0.00000	0.0000	0.3822	0.0000	1.0000	0	579
0.02399	0.00618	0.05266	0.00000	0.0000	0.3822	0.0000	1.0000	0	579
0.02399	0.00618	0.05266	0.00000	0.0000	0.3822	0.0000	1.0000	0	579
0.02384	0.00618	0.05245	0.00000	0.0000	0.3802	0.0000	1.0000	0	576
0.02379	0.00618	0.05212	0.00000	0.0000	0.3795	0.0000	1.0000	0	575
0.02361	0.00595	0.05212	0.00000	0.0000	0.3835	0.0000	1.0000	0	581
0.02356	0.00595	0.05204	0.00000	0.0000	0.3828	0.0000	1.0000	0	580
0.02348	0.00591	0.05198	0.00000	0.0000	0.3828	0.0000	1.0000	0	580
0.02342	0.00589	0.05198	0.00000	0.0000	0.3842	0.0000	1.0000	0	582
0.02327	0.00589	0.05177	0.00000	0.0000	0.3822	0.0000	1.0000	0	579
0.02324	0.00586	0.05177	0.00000	0.0000	0.3828	0.0000	1.0000	0	580
0.02308	0.00585	0.05159	0.00000	0.0000	0.3828	0.0000	1.0000	0	580
0.02300	0.00580	0.05118	0.00000	0.0000	0.3828	0.0000	1.0000	0	580
0.02295	0.00580	0.05080	0.00000	0.0000	0.3822	0.0000	1.0000	0	579
0.02287	0.00577	0.05064	0.00000	0.0000	0.3822	0.0000	1.0000	0	579
0.02287	0.00577	0.05064	0.00000	0.0000	0.3822	0.0000	1.0000	0	579
0.02278	0.00577	0.05025	0.00000	0.0000	0.3809	0.0000	1.0000	0	577
0.02273	0.00577	0.05012	0.00000	0.0000	0.3802	0.0000	1.0000	0	576
0.02262	0.00569	0.04992	0.00000	0.0000	0.3809	0.0000	1.0000	0	577
0.02249	0.00561	0.04975	0.00000	0.0000	0.3822	0.0000	1.0000	0	579
0.02249	0.00561	0.04975	0.00000	0.0000	0.3822	0.0000	1.0000	0	579
0.02249	0.00561	0.04975	0.00000	0.0000	0.3822	0.0000	1.0000	0	579
0.02235	0.00561	0.04958	0.00000	0.0000	0.3802	0.0000	1.0000	0	576
0.02230	0.00561	0.04942	0.00000	0.0000	0.3795	0.0000	1.0000	0	575
0.02219	0.00546	0.04930	0.00000	0.0000	0.3802	0.0000	1.0000	0	576
0.02212	0.00539	0.04917	0.00000	0.0000	0.3802	0.0000	1.0000	0	576
0.02201	0.00530	0.04905	0.00000	0.0000	0.3809	0.0000	1.0000	0	577
0.02190	0.00522	0.04905	0.00000	0.0000	0.3835	0.0000	1.0000	0	581
0.02180	0.00522	0.04883	0.00000	0.0000	0.3822	0.0000	1.0000	0	579
0.02173	0.00518	0.04872	0.00000	0.0000	0.3822	0.0000	1.0000	0	579
0.02170	0.00517	0.04872	0.00000	0.0000	0.3828	0.0000	1.0000	0	580
0.02161	0.00517	0.04852	0.00000	0.0000	0.3815	0.0000	1.0000	0	578
0.02156	0.00517	0.04829	0.00000	0.0000	0.3809	0.0000	1.0000	0	577
0.02153	0.00510	0.04829	0.00000	0.0000	0.3815	0.0000	1.0000	0	578
0.02153	0.00510	0.04829	0.00000	0.0000	0.3815	0.0000	1.0000	0	578
0.02150	0.00502	0.04829	0.00000	0.0000	0.3822	0.0000	1.0000	0	579
0.02137	0.00492	0.04822	0.00000	0.0000	0.3835	0.0000	1.0000	0	581
0.02129	0.00485	0.04822	0.00000	0.0000	0.3855	0.0000	1.0000	0	584
0.02129	0.00485	0.04822	0.00000	0.0000	0.3855	0.0000	1.0000	0	584
0.02101	0.00485	0.04802	0.00000	0.0000	0.3815	0.0000	1.0000	0	578
0.02101	0.00485	0.04802	0.00000	0.0000	0.3815	0.0000	1.0000	0	578
0.02096	0.00485	0.04793	0.00000	0.0000	0.3809	0.0000	1.0000	0	577
0.02084	0.00477	0.04751	0.00000	0.0000	0.3802	0.0000	1.0000	0	576
0.02074	0.00468	0.04735	0.00000	0.0000	0.3809	0.0000	1.0000	0	577
0.02066	0.00465	0.04723	0.00000	0.0000	0.3809	0.0000	1.0000	0	577
0.02056	0.00458	0.04692	0.00000	0.0000	0.3815	0.0000	1.0000	0	578
0.02053	0.00456	0.04692	0.00000	0.0000	0.3822	0.0000	1.0000	0	579
0.02048	0.00449	0.04692	0.00000	0.0000	0.3835	0.0000	1.0000	0	581
0.02034	0.00449	0.04659	0.00000	0.0000	0.3815	0.0000	1.0000	0	578
0.02034	0.00449	0.04659	0.00000	0.0000	0.3815	0.0000	1.0000	0	578
0.02025	0.00449	0.04627	0.00000	0.0000	0.3802	0.0000	1.0000	0	576
0.02018	0.00440	0.04613	0.00000	0.0000	0.3802	0.0000	1.0000	0	576
0.02002	0.00431	0.04596	0.00000	0.0000	0.3822	0.0000	1.0000	0	579
0.02002	0.00431	0.04596	0.00000	0.0000	0.3822	0.0000	1.0000	0	579
0.02002	0.00431	0.04596	0.00000	0.0000	0.3822	0.0000	1.0000	0	579
0.01989	0.00431	0.04566	0.00000	0.0000	0.3802	0.0000	1.0000	0	576
0.01982	0.00422	0.04553	0.00000	0.0000	0.3802	0.0000	1.0000	0	576
0.01977	0.00422	0.04540	0.00000	0.0000	0.3795	0.0000	1.0000	0	575
0.01951	0.00401	0.04506	0.00000	0.0000	0.3842	0.0000	1.0000	0	582
0.01941	0.00397	0.04506	0.00000	0.0000	0.3868	0.0000	1.0000	0	586
0.01936	0.00397	0.04502	0.00000	0.0000	0.3861	0.0000	1.0000	0	585
0.01927	0.00397	0.04465	0.00000	0.0000	0.3848	0.0000	1.0000	0	583
0.01922	0.00394	0.04465	0.00000	0.0000	0.3861	0.0000	1.0000	0	585
0.01911	0.00392	0.04439	0.00000	0.0000	0.3855	0.0000	1.0000	0	584
0.01906	0.00392	0.04416	0.00000	0.0000	0.3848	0.0000	1.0000	0	583
0.01902	0.00392	0.04405	0.00000	0.0000	0.3842	0.0000	1.0000	0	582
0.01898	0.00392	0.04365	0.00000	0.0000	0.3835	0.0000	1.0000	0	581
0.01895	0.00390	0.04365	0.00000	0.0000	0.3842	0.0000	1.0000	0	582
0.01887	0.00390	0.04329	0.00000	0.0000	0.3828	0.0000	1.0000	0	580
0.01883	0.00390	0.04302	0.00000	0.0000	0.3822	0.0000	1.0000	0	579
0.01876	0.00386	0.04283	0.00000	0.0000	0.3822	0.0000	1.0000	0	579
0.01869	0.00384	0.04271	0.00000	0.0000	0.3822	0.0000	1.0000	0	579
0.01869	0.00384	0.04271	0.00000	0.0000	0.3822	0.0000	1.0000	0	579
0.01869	0.00384	0.04271	0.00000	0.0000	0.3822	0.0000	1.0000	0	579
0.01857	0.00384	0.04255	0.00000	0.0000	0.3802	0.0000	1.0000	0	576
0.01854	0.00375	0.04255	0.00000	0.0000	0.3809	0.0000	1.0000	0	577
0.01841	0.00369	0.04238	0.00000	0.0000	0.3809	0.0000	1.0000	0	577
0.01834	0.00364	0.04209	0.00000	0.0000	0.3809	0.0000	1.0000	0	577
0.01827	0.00361	0.04194	0.00000	0.0000	0.3809	0.0000	1.0000	0	577
0.01818	0.00355	0.04181	0.00000	0.0000	0.3815	0.0000	1.0000	0	578
0.01815	0.00351	0.04181	0.00000	0.0000	0.3822	0.0000	1.0000	0	579
0.01802	0.00347	0.04111	0.00000	0.0000	0.3822	0.0000	1.0000	0	579
0.01802	0.00347	0.04111	0.00000	0.0000	0.3822	0.0000	1.0000	0	579
0.01787	0.00342	0.04089	0.00000	0.0000	0.3828	0.0000	1.0000	0	580
0.01784	0.00340	0.04089	0.00000	0.0000	0.3835	0.0000	1.0000	0	581
0.01780	0.00340	0.04084	0.00000	0.0000	0.3828	0.0000	1.0000	0	580
0.01776	0.00340	0.04078	0.00000	0.0000	0.3822	0.0000	1.0000	0	579
0.01776	0.00340	0.04078	0.00000	0.0000	0.3822	0.0000	1.0000	0	579
0.01762	0.00332	0.04033	0.00000	0.0000	0.3809	0.0000	1.0000	0	577
0.01758	0.00332	0.04021	0.00000	0.0000	0.3802	0.0000	1.0000	0	576
0.01746	0.00328	0.04021	0.00000	0.0000	0.3835	0.0000	1.0000	0	581
0.01746	0.00328	0.04021	0.00000	0.0000	0.3835	0.0000	1.0000	0	581
0.01739	0.00318	0.04017	0.00000	0.0000	0.3835	0.0000	1.0000	0	581
0.01739	0.00318	0.04017	0.00000	0.0000	0.3835	0.0000	1.0000	0	581
0.01723	0.00318	0.03985	0.00000	0.0000	0.3809	0.0000	1.0000	0	577
0.01719	0.00318	0.03975	0.00000	0.0000	0.3802	0.0000	1.0000	0	576
0.01710	0.00308	0.03975	0.00000	0.0000	0.3828	0.0000	1.0000	0	580
0.01700	0.00307	0.03961	0.00000	0.0000	0.3822	0.0000	1.0000	0	579
0.01696	0.00307	0.03934	0.00000	0.0000	0.3815	0.0000	1.0000	0	578
0.01693	0.00302	0.03934	0.00000	0.0000	0.3822	0.0000	1.0000	0	579
0.01691	0.00299	0.03934	0.00000	0.0000	0.3828	0.0000	1.0000	0	580
0.01688	0.00298	0.03934	0.00000	0.0000	0.3835	0.0000	1.0000	0	581
0.01684	0.00293	0.03934	0.00000	0.0000	0.3848	0.0000	1.0000	0	583
0.01662	0.00290	0.03888	0.00000	0.0000	0.3822	0.0000	1.0000	0	579
0.01657	0.00288	0.03888	0.00000	0.0000	0.3835	0.0000	1.0000	0	581
0.01642	0.00287	0.03870	0.00000	0.0000	0.3842	0.0000	1.0000	0	582
0.01640	0.00285	0.03870	0.00000	0.0000	0.3848	0.0000	1.0000	0	583
0.01638	0.00280	0.03870	0.00000	0.0000	0.3855	0.0000	1.0000	0	584
0.01633	0.00278	0.03870	0.00000	0.0000	0.3868	0.0000	1.0000	0	586
0.01618	0.00278	0.03853	0.00000	0.0000	0.3842	0.0000	1.0000	0	582
0.01618	0.00278	0.03853	0.00000	0.0000	0.3842	0.0000	1.0000	0	582
0.01614	0.00278	0.03852	0.00000	0.0000	0.3835	0.0000	1.0000	0	581
0.01606	0.00278	0.03828	0.00000	0.0000	0.3822	0.0000	1.0000	0	579
0.01606	0.00278	0.03828	0.00000	0.0000	0.3822	0.0000	1.0000	0	579
0.01589	0.00271	0.03807	0.00000	0.0000	0.3835	0.0000	1.0000	0	581
0.01589	0.00271	0.03807	0.00000	0.0000	0.3835	0.0000	1.0000	0	581
0.01582	0.00271	0.03789	0.00000	0.0000	0.3822	0.0000	1.0000	0	579
0.01577	0.00267	0.03789	0.00000	0.0000	0.3835	0.0000	1.0000	0	581
0.01577	0.00267	0.03789	0.00000	0.0000	0.3835	0.0000	1.0000	0	581
0.01570	0.00267	0.03783	0.00000	0.0000	0.3822	0.0000	1.0000	0	579
0.01563	0.00263	0.03778	0.00000	0.0000	0.3822	0.0000	1.0000	0	579
0.01557	0.00259	0.03778	0.00000	0.0000	0.3842	0.0000	1.0000	0	582
0.01545	0.00259	0.03753	0.00000	0.0000	0.3822	0.0000	1.0000	0	579
0.01539	0.00256	0.03731	0.00000	0.0000	0.3822	0.0000	1.0000	0	579
0.01537	0.00251	0.03731	0.00000	0.0000	0.3828	0.0000	1.0000	0	580
0.01537	0.00251	0.03731	0.00000	0.0000	0.3828	0.0000	1.0000	0	580
0.01533	0.00251	0.03724	0.00000	0.0000	0.3822	0.0000	1.0000	0	579
0.01520	0.00247	0.03698	0.00000	0.0000	0.3809	0.0000	1.0000	0	577
0.01514	0.00243	0.03679	0.00000	0.0000	0.3809	0.0000	1.0000	0	577
0.01514	0.00243	0.03679	0.00000	0.0000	0.3809	0.0000	1.0000	0	577
0.01510	0.00243	0.03669	0.00000	0.0000	0.3802	0.0000	1.0000	0	576
0.01497	0.00228	0.03660	0.00000	0.0000	0.3822	0.0000	1.0000	0	579
0.01494	0.00228	0.03659	0.00000	0.0000	0.3815	0.0000	1.0000	0	578
0.01482	0.00220	0.03637	0.00000	0.0000	0.3815	0.0000	1.0000	0	578
0.01477	0.00219	0.03637	0.00000	0.0000	0.3828	0.0000	1.0000	0	580
0.01461	0.00211	0.03632	0.00000	0.0000	0.3861	0.0000	1.0000	0	585
0.01455	0.00210	0.03624	0.00000	0.0000	0.3861	0.0000	1.0000	0	585
0.01447	0.00210	0.03607	0.00000	0.0000	0.3848	0.0000	1.0000	0	583
0.01444	0.00210	0.03595	0.00000	0.0000	0.3842	0.0000	1.0000	0	582
0.01442	0.00208	0.03595	0.00000	0.0000	0.3848	0.0000	1.0000	0	583
0.01432	0.00207	0.03556	0.00000	0.0000	0.3842	0.0000	1.0000	0	582
0.01432	0.00207	0.03556	0.00000	0.0000	0.3842	0.0000	1.0000	0	582
0.01421	0.00204	0.03534	0.00000	0.0000	0.3842	0.0000	1.0000	0	582
0.01418	0.00202	0.03534	0.00000	0.0000	0.3848	0.0000	1.0000	0	583
0.01409	0.00201	0.03518	0.00000	0.0000	0.3842	0.0000	1.0000	0	582
0.01403	0.00201	0.03505	0.00000	0.0000	0.3842	0.0000	1.0000	0	582
0.01392	0.00198	0.03495	0.00000	0.0000	0.3861	0.0000	1.0000	0	585
0.01392	0.00198	0.03495	0.00000	0.0000	0.3861	0.0000	1.0000	0	585
0.01386	0.00195	0.03494	0.00000	0.0000	0.3861	0.0000	1.0000	0	585
0.01379	0.00195	0.03448	0.00000	0.0000	0.3848	0.0000	1.0000	0	583
0.01375	0.00192	0.03448	0.00000	0.0000	0.3861	0.0000	1.0000	0	585
0.01375	0.00192	0.03448	0.00000	0.0000	0.3861	0.0000	1.0000	0	585
0.01360	0.00191	0.03427	0.00000	0.0000	0.3855	0.0000	1.0000	0	584
0.01356	0.00191	0.03400	0.00000	0.0000	0.3848	0.0000	1.0000	0	583
0.01353	0.00191	0.03337	0.00000	0.0000	0.3842	0.0000	1.0000	0	582
0.01351	0.00190	0.03337	0.00000	0.0000	0.3848	0.0000	1.0000	0	583
0.01342	0.00189	0.03322	0.00000	0.0000	0.3842	0.0000	1.0000	0	582
0.01331	0.00186	0.03311	0.00000	0.0000	0.3861	0.0000	1.0000	0	585
0.01331	0.00186	0.03311	0.00000	0.0000	0.3861	0.0000	1.0000	0	585
0.01322	0.00183	0.03302	0.00000	0.0000	0.3875	0.0000	1.0000	0	587
0.01322	0.00183	0.03302	0.00000	0.0000	0.3875	0.0000	1.0000	0	587
0.01311	0.00183	0.03255	0.00000	0.0000	0.3855	0.0000	1.0000	0	584
0.01304	0.00180	0.03238	0.00000	0.0000	0.3861	0.0000	1.0000	0	585
0.01304	0.00180	0.03238	0.00000	0.0000	0.3861	0.0000	1.0000	0	585
0.01304	0.00180	0.03238	0.00000	0.0000	0.3861	0.0000	1.0000	0	585
0.01299	0.00177	0.03234	0.00000	0.0000	0.3861	0.0000	1.0000	0	585
0.01289	0.00177	0.03211	0.00000	0.0000	0.3842	0.0000	1.0000	0	582
0.01286	0.00177	0.03198	0.00000	0.0000	0.3835	0.0000	1.0000	0	581
0.01286	0.00177	0.03198	0.00000	0.0000	0.3835	0.0000	1.0000	0	581
0.01286	0.00177	0.03198	0.00000	0.0000	0.3835	0.0000	1.0000	0	581
0.01286	0.00177	0.03198	0.00000	0.0000	0.3835	0.0000	1.0000	0	581
0.01274	0.00172	0.03189	0.00000	0.0000	0.3822	0.0000	1.0000	0	579
0.01271	0.00172	0.03181	0.00000	0.0000	0.3815	0.0000	1.0000	0	578
0.01263	0.00169	0.03172	0.00000	0.0000	0.3822	0.0000	1.0000	0	579
0.01246	0.00164	0.03151	0.00000	0.0000	0.3848	0.0000	1.0000	0	583
0.01244	0.00161	0.03151	0.00000	0.0000	0.3855	0.0000	1.0000	0	584
0.01237	0.00161	0.03079	0.00000	0.0000	0.3842	0.0000	1.0000	0	582
0.01235	0.00158	0.03079	0.00000	0.0000	0.3848	0.0000	1.0000	0	583
0.01235	0.00158	0.03079	0.00000	0.0000	0.3848	0.0000	1.0000	0	583
0.01232	0.00158	0.03076	0.00000	0.0000	0.3842	0.0000	1.0000	0	582
0.01230	0.00156	0.03076	0.00000	0.0000	0.3848	0.0000	1.0000	0	583
0.01227	0.00156	0.03070	0.00000	0.0000	0.3842	0.0000	1.0000	0	582
0.01227	0.00156	0.03070	0.00000	0.0000	0.3842	0.0000	1.0000	0	582
0.01220	0.00151	0.03068	0.00000	0.0000	0.3848	0.0000	1.0000	0	583
0.01203	0.00148	0.03039	0.00000	0.0000	0.3822	0.0000	1.0000	0	579
0.01199	0.00148	0.03023	0.00000	0.0000	0.3815	0.0000	1.0000	0	578
0.01196	0.00143	0.03023	0.00000	0.0000	0.3828	0.0000	1.0000	0	580
0.01194	0.00142	0.03023	0.00000	0.0000	0.3835	0.0000	1.0000	0	581
0.01190	0.00140	0.03023	0.00000	0.0000	0.3848	0.0000	1.0000	0	583
0.01176	0.00138	0.03003	0.00000	0.0000	0.3828	0.0000	1.0000	0	580
0.01176	0.00138	0.03003	0.00000	0.0000	0.3828	0.0000	1.0000	0	580
0.01170	0.00138	0.02980	0.00000	0.0000	0.3815	0.0000	1.0000	0	578
0.01166	0.00138	0.02968	0.00000	0.0000	0.3809	0.0000	1.0000	0	577
0.01163	0.00130	0.02968	0.00000	0.0000	0.3822	0.0000	1.0000	0	579
0.01161	0.00130	0.02968	0.00000	0.0000	0.3828	0.0000	1.0000	0	580
0.01151	0.00121	0.02960	0.00000	0.0000	0.3848	0.0000	1.0000	0	583
0.01149	0.00120	0.02960	0.00000	0.0000	0.3855	0.0000	1.0000	0	584
0.01147	0.00120	0.02960	0.00000	0.0000	0.3861	0.0000	1.0000	0	585
0.01139	0.00119	0.02958	0.00000	0.0000	0.3855	0.0000	1.0000	0	584
0.01133	0.00119	0.02951	0.00000	0.0000	0.3842	0.0000	1.0000	0	582
0.01124	0.00119	0.02934	0.00000	0.0000	0.3822	0.0000	1.0000	0	579
0.01119	0.00114	0.02920	0.00000	0.0000	0.3822	0.0000	1.0000	0	579
0.01119	0.00114	0.02920	0.00000	0.0000	0.3822	0.0000	1.0000	0	579
0.01119	0.00114	0.02920	0.00000	0.0000	0.3822	0.0000	1.0000	0	579
0.01109	0.00114	0.02902	0.00000	0.0000	0.3802	0.0000	1.0000	0	576
0.01104	0.00104	0.02902	0.00000	0.0000	0.3822	0.0000	1.0000	0	579
0.01096	0.00101	0.02885	0.00000	0.0000	0.3815	0.0000	1.0000	0	578
0.01095	0.00097	0.02885	0.00000	0.0000	0.3822	0.0000	1.0000	0	579
0.01095	0.00097	0.02885	0.00000	0.0000	0.3822	0.0000	1.0000	0	579
0.01084	0.00091	0.02828	0.00000	0.0000	0.3809	0.0000	1.0000	0	577
0.01081	0.00091	0.02809	0.00000	0.0000	0.3802	0.0000	1.0000	0	576
0.01078	0.00091	0.02797	0.00000	0.0000	0.3795	0.0000	1.0000	0	575
0.01076	0.00068	0.02797	0.00000	0.0000	0.3802	0.0000	1.0000	0	576
